0.9986624670149752 0.051677828458997224 0.0016367716169455417 -0.0017729896135699435 0.0025901751619848393 0.9999950737380962 0.05167333435529156 -0.9986604493211858 0.0026783349703783437 -0.022639248433579322 0.18525800852243382 -0.05322523123904817 -1.4252163893502257e-09 1.4317372694665682 -1.6640289146607756e-10 1.431476546554471 1.42595574378465
0.9999340179015765 0.011486798068410312 -0.00011538347004175009 8.180458675523983e-05 0.0029236857122658852 0.9999957226757851 0.011487086280653576 -0.9999297502984855 0.002922553128578331 -0.01619226546822521 0.20061874531608 -0.053068010815866484 -9.538743128700844e-10 1.4242328221103548 -2.8610180891064374e-10 1.424408940609891 1.4165069677676643
0.9999901371170391 0.003635993064421481 -0.0025505338814925983 0.002541524216099091 0.0024803812152647117 0.9999936941619613 0.003642296432766657 -0.9999903135848178 0.0024711157871322924 -0.014980589855240433 0.20042765530469966 -0.05248471110578598 -8.725882238991289e-10 1.4246376445573166 -3.4865443865328416e-10 1.4253749177660824 1.417163302836924
0.9997967700937653 0.019541079863501953 -0.004956279637265844 0.004807671389650906 0.007644572711478295 0.9999592225705346 0.01957817166856164 -0.9997798291153044 0.007549072015100297 -0.017526663970719496 0.20044481419758764 -0.05285425332038152 0.0 1.44662 0.0 1.44662 1.44662
0.9999973504968452 0.0009006722443077288 -0.0021184401803151795 0.002118219094671735 0.00024635045777663176 0.9999977262270743 0.0009011920750917583 -0.9999995640503851 0.0002444419839243832 -0.01440262441911768 0.19711668991576034 -0.0523813331710276 0.0 1.45152 0.0 1.45152 1.45152
0.9999894842514023 -0.004510912699572693 -0.000826470345140615 0.0008184293462258066 -0.00178412079486012 0.9999980735413417 -0.004512378532414966 -0.9999882342205862 -0.001780410170162781 -0.013573345657751167 0.19663815502691223 -0.0528534284688571 0.0 1.44863 0.0 1.44863 1.44863
0.9998976469701418 0.014099911899658467 0.002426534152937569 -0.0023093530519842018 -0.008321115133281784 0.9999627122705226 0.014119577616019337 -0.9998659667812284 -0.008287701767357911 -0.016538064231133808 0.19708096002302775 -0.05312305074685905 3.743316767668148e-10 1.4247955839926663 -1.416368355933173e-09 1.4241302859613647 1.4145101048594482
0.9998960392796596 0.008714199910450264 0.011487965562715334 -0.011563788576275926 0.008701185466717977 0.9998952785993326 0.008613328428233492 -0.9999241731708431 0.008801050050584893 -0.015688862920756913 0.19629347620468723 -0.05257899130512608 1.2757981338040736e-09 1.4256420580311744 -2.5523450020159544e-09 1.422248904500674 1.4140755900105937
0.9999047600826992 0.005845974318459427 -0.012501813797501453 0.012497710143831517 0.000737968608567818 0.9999216282506812 0.0058547421053583345 -0.9999826398426128 0.0006648370319581786 -0.01523679620941935 0.19529312122648154 -0.051729251431618536 2.624084061153553e-09 1.4209375786752485 -3.889897293163358e-09 1.4241723033355456 1.4134448218019182
0.999568995757819 0.028536358385309133 -0.00689194963782935 0.0067500918637683795 0.00506447560543021 0.9999643930394084 0.028570246403135324 -0.9995799254371545 0.004869669754401594 -0.01886824573585209 0.19619068506618453 -0.05156033020078571 3.748478860643445e-09 1.4234006478961394 -5.054350715738565e-09 1.4253363836379522 1.4143532577004976
0.9995178652770531 0.03103078542496355 -0.001061766411507254 0.0003365114363205941 0.023367994513175335 0.9997268744974728 0.031047121477778914 -0.9992452287543544 0.023346285777441387 -0.019382603474617108 0.19481252813621794 -0.05277166589656594 0.0 1.45089 0.0 1.45089 1.45089
0.998885060568288 0.04437703445394453 -0.016103247702289256 0.014949164378034648 0.026216617537649565 0.999544501985421 0.0447789934889828 -0.998670800503328 0.025523988014328997 -0.021480735528757806 0.19426726629072114 -0.05388179184476734 5.1218691510257486e-09 1.4222926559776505 -6.491377213535543e-09 1.4265321549459173 1.4141440276048538
0.9989444325877782 0.04564043699470624 0.005193372008023859 -0.004903826637205704 -0.0064537307160729826 0.9999671503825296 0.04567245434825796 -0.9989370850412835 -0.006223105577573493 -0.021783715921644693 0.19513179638172376 -0.05273144919686397 0.0 1.44797 0.0 1.44797 1.44797
0.999395926624428 0.012791657513304064 -0.03231339265015573 0.03242504658622768 -0.00861962136059558 0.9994370007566665 0.012505926610282497 -0.9998810307359883 -0.009029184567608085 -0.016346575738630045 0.194529809125036 -0.05079605879815724 0.0 1.44481 0.0 1.44481 1.44481
0.9997992673142712 0.006500766273749658 0.01895165205729779 -0.018950664873092903 -0.0002134260962651177 0.9998203972465101 0.006503643495343461 -0.9999788470198534 -9.018941159947517e-05 -0.015357025923784462 0.19593743561291643 -0.05273555117066371 0.0 1.44908 0.0 1.44908 1.44908
0.9997740558567936 -0.015124912524963669 0.014935670616646298 -0.014372964233733123 0.03665304048237504 0.9992246857051388 -0.015660623703817895 -0.9992135865992363 0.0364273691157877 -0.012106640850225225 0.19542979199075797 -0.05247731946614301 0.0 1.4492800000000001 0.0 1.4492800000000001 1.4492800000000001
0.9990420964452265 -0.011529130696339861 -0.04221337081676136 0.042299623494125825 0.007342699422432197 0.9990779882558953 -0.01120854060892337 -0.999906577591416 0.00782334371222356 -0.012385876980040804 0.19529972450498792 -0.05228609421356631 0.0 1.4463 0.0 1.4463 1.4463
0.999099784268235 0.024271925595148097 -0.03479216439185593 0.03385528337606192 0.03799752686683066 0.9987041642746519 0.02556248936807365 -0.9989830136593454 0.03714158797627054 -0.018490955228141495 0.19605028155437973 -0.05431891375602459 1.3541191279387021e-08 1.4165637856450788 -1.4190185027018742e-08 1.4258417297896617 1.4117692918986995
0.9992072510924647 -0.013395066185502298 0.03748921933204582 -0.03711338673582687 0.027283264652657898 0.9989385466558441 -0.014403676240362257 -0.9995379911097823 0.02676449960271596 -0.01194873498712257 0.19514784944292723 -0.05493166151076481 1.456705422953064e-08 1.4274840729129235 -1.547198280604789e-08 1.4181144618984387 1.4137367959702836
0.9991640116393756 -0.039752135402215553 -0.00954178052951627 0.01173105172933709 0.05520897577462809 0.9984059051404094 -0.03916197479741225 -0.9976831845455153 0.055629156070233506 -0.007969589289199197 0.19731876629956357 -0.05299434521225051 0.0 1.44823 0.0 1.44823 1.44823
0.9987699406683851 -0.023836896402848803 -0.04347882228338723 0.04416797888261826 0.029190167572724975 0.9985975784861993 -0.022534312918194407 -0.9992896159207081 0.03020708947165892 -0.010539594506206493 0.19344205901863085 -0.050257668846187986 1.7040636457466007e-08 1.4147101976324699 -1.748709621551825e-08 1.4266916984309983 1.4111186033486334
0.9978146496458817 0.04825799279172131 0.04513414543093339 -0.04455150189300454 -0.013082262410664654 0.9989214273852054 0.04879639977645978 -0.9987492280557382 -0.010903707026659869 -0.02225090877225991 0.19200497667511457 -0.0496705503781336 0.0 1.4449 0.0 1.4449 1.4449
0.9995240838585384 -0.008803127967034429 0.029565363599076525 -0.029331592598649033 0.025595362272861157 0.9992419802559078 -0.009553191214272878 -0.9996336240683968 0.02532497126368612 -0.012764165950341036 0.19700618237516845 -0.05495088867935252 0.0 1.44908 0.0 1.44908 1.44908
0.9969860565467519 -0.07712530718681397 0.008395834842129333 -0.004604496908679943 0.04920507615328727 0.9987780830039108 -0.07744418415591123 -0.9958064809349699 0.04870165159762582 -0.001557511580581668 0.194220338502418 -0.04878549911567519 1.8552032798879736e-08 1.424715177234411 -1.9756459579411967e-08 1.423758517881593 1.4139217502628698
0.9979684553084468 -0.019938263833513485 -0.06050973346972838 0.06130710130388733 0.042156933593889 0.99722827490985 -0.01733209563172484 -0.9989120374613903 0.04329364705989902 -0.011345734684131081 0.19153082963633994 -0.056624358357844184 1.8946993307622506e-08 1.410384681515894 -1.9775303172764325e-08 1.4268269023517837 1.4094017520146949
0.9991281929974408 -0.0031533956928401882 0.04162823624984903 -0.0416422960408996 -0.004532490897750931 0.9991223026770566 -0.0029619483639905337 -0.9999847561947462 -0.004659854077422585 -0.013783326565958473 0.1943105620375046 -0.05415292597892121 1.9548219931664335e-08 1.4273087013881565 -2.0552803015050358e-08 1.4160045705492657 1.412068466974766
0.9985095604147596 -0.052444409154422764 0.015107670527482407 -0.01562861384129907 -0.009537378521064068 0.9998323783716676 -0.05229153076477124 -0.998578300565053 -0.010342797053386416 -0.005850612701850254 0.19452206015607182 -0.05037081866165412 0.0 1.45146 0.0 1.45146 1.45146
0.9886153183267427 0.1479470034440707 0.027412342870197937 -0.033346115934601545 0.037776776607958855 0.9987296689801444 0.14672351182339277 -0.9882735447845564 0.042280157960658364 -0.038383734069352256 0.18788755059402998 -0.0535010329954415 2.091520823199744e-08 1.4159528398692869 -2.2698061208359377e-08 1.407192678376501 1.4031315000101996
0.995393370898463 0.09575820862878232 -0.00473314394473078 -0.0002888117959006554 0.05236242395907055 0.9986281055252135 0.09587467736134232 -0.9940264292448854 0.052148865793239976 -0.029945695261095574 0.19247664453572783 -0.048827780595246104 0.0 1.4434 0.0 1.4434 1.4434
0.9999409989229198 -0.005958616870534866 0.00908259643623914 -0.00866377463472795 0.06690182504079878 0.9977219476463817 -0.006552685107042097 -0.9977417705454656 0.06684625364736176 -0.013509600568932882 0.19750411670858686 -0.05991984536436572 2.054124870198848e-08 1.4283491238986663 -2.2193884063881342e-08 1.4264161921176974 1.4179301692937383
0.9975194055701528 -0.055373461546593755 -0.04346050238224272 0.048100757452921875 0.08542528674736469 0.9951828161280649 -0.05139409152251069 -0.9948046542615684 0.08787688670007249 -0.005767338679292907 0.1903399458158096 -0.05749575496044361 2.1492135182654692e-08 1.4128679131891273 -2.277902488856398e-08 1.4256180476078342 1.4103210797145707
0.9977507777975646 -0.052702408582585486 0.04142271760699803 -0.03817862239028233 0.061139852849736706 0.997398772400434 -0.05509789648194492 -0.996736863230766 0.05899023037892055 -0.005034846759970494 0.18741501239422473 -0.05152007566432393 2.216297012580526e-08 1.4344005641956663 -2.364714557501202e-08 1.4257421631965501 1.4183871557379781
0.9992484247309561 -0.009290195335018514 0.03763346839370688 -0.03823308893401315 -0.07619781423545555 0.996359435151945 -0.00638878574275071 -0.9970494397853981 -0.0764957387071791 -0.013348467554034304 0.18883355227794665 -0.05315236226801344 2.3963517392644462e-08 1.4245283864633915 -2.645315078098065e-08 1.4142393358951368 1.4110274504926998
0.9919282033015867 -0.11980112295076474 -0.04154672591940117 0.045750439364802914 0.032553719464531235 0.9984223318050092 -0.11825961606911117 -0.992264050688505 0.03777190647063061 0.005260290671928445 0.1935860970389412 -0.05913810981840181 2.4826412925449404e-08 1.4100931180956682 -2.708727908640185e-08 1.423190201620777 1.4075288446385477
0.9927793052003308 -0.11876617739327144 -0.0168477379294154 0.02111398844333462 0.03475509102186318 0.9991727994396546 -0.11808238927953237 -0.992313800546708 0.03701176281380014 0.005194894063233908 0.19418981867393773 0.019549180712008646 3.39872476828873e-08 1.4246180470964394 -3.324679465066538e-08 1.4291588584103323 1.42038956545644
0.9948752666762621 -0.10098294679262337 -0.005064406472087023 0.008521277443680524 0.03383031188943064 0.9993912636341141 -0.10075014435009086 -0.9943128051345522 0.03451744426943879 0.0023852071532779132 0.19265535666858907 0.020278043228333098 3.5953715560310684e-08 1.421128515705158 -3.504703016687927e-08 1.423778213617088 1.4127797167072265
0.9958080753637456 -0.09093892339451463 -0.009817802819332429 0.013524807532513027 0.04023754996842598 0.9990986033188852 -0.09046190701925964 -0.9950432411631092 0.041298808627535585 0.0005592826014889831 0.19209039225099825 0.019362944273052213 0.0 1.44591 0.0 1.44591 1.44591
0.9969712956440235 -0.07772963386411491 -0.00251787236132546 0.006319914099900292 0.048706511546224074 0.9987931389525898 -0.07751318821753606 -0.9957840025589628 0.0490502385315775 -0.0015227021649021916 0.19152433191827228 0.017921819719483173 3.803479753372585e-08 1.4210550799377506 -3.712299445624012e-08 1.4225772757324489 1.4128192755347717
0.9974073935947324 -0.07194594485904376 0.0015073887693527188 0.00035489102835606356 0.025864631056947085 0.9996653914748905 -0.07196085918692556 -0.9970731176190778 0.02582310721915604 -0.002647740065257295 0.19096214981196985 0.0197871426764549 0.0 1.44591 0.0 1.44591 1.44591
0.9964243914153512 -0.08364977354244776 -0.011880554652206214 0.015116195230310762 0.038154318680378205 0.9991575194171314 -0.08312600576417699 -0.9957645119968542 0.03928236007880215 -0.0005896977201047225 0.19039538756242186 0.021296278450909256 3.896469813469139e-08 1.4197330866256754 -3.834431971938557e-08 1.4237386078980245 1.411923733614569
0.9983042772418006 -0.058207094917019704 0.0007100296099490089 0.0011124185658624788 0.03127134471429304 0.9995103128656023 -0.05820079523219823 -0.9978146306309008 0.03128306783643212 -0.004728217856575036 0.18946903613257707 0.019122096790582327 0.0 1.44591 0.0 1.44591 1.44591
0.9966915066836205 -0.08057720024658378 -0.010646844845144526 0.013894329074446737 0.03984998932152598 0.999109066103719 -0.0800811346342297 -0.9959514512020637 0.04083771203432154 -0.0010543041380426405 0.19013943268454028 0.01911516520464346 4.022610156084738e-08 1.4208394577537815 -3.981149010456875e-08 1.4244965107545866 1.4127137014445736
0.99708737709584 -0.07626769389512295 3.6111746469086325e-05 0.00436817083725357 0.05758007442729554 0.9983313348345246 -0.07614250796811839 -0.995423414380467 0.057745515699992624 -0.001744911210297682 0.18896116442331826 0.019897371654538254 4.0854242655541384e-08 1.4217737650528415 -4.0684856372763534e-08 1.422991226899617 1.4137329270544852
0.9979005138176864 -0.0636182461409003 -0.012136032315112316 0.014552177879896065 0.037654070233359475 0.9991848703387242 -0.06310941800832492 -0.9972637012108768 0.038500800067446064 -0.004008785242689189 0.19143592354377864 0.017565200577799617 0.0 1.44591 0.0 1.44591 1.44591
0.9957332851347369 -0.08931851922900451 -0.023182471773364882 0.024151920632512452 0.009788258315032258 0.9996603796934832 -0.08906126882402769 -0.9959550151095662 0.011903708395206927 0.0013028890622359401 0.18810258323875828 0.021763360121006103 4.331787284428401e-08 1.4421221655818952 -4.2795301524733986e-08 1.4483867435517457 1.4308791447684985
0.9992825664213453 -0.037867411815175916 0.0006415362729704279 -0.0005389355084169108 0.002719619439727197 0.9999961566019244 -0.03786901101015749 -0.9992790715273301 0.002697260200580931 -0.007050131347110316 0.1873994183843505 -0.05344881842787633 -1.8341186347470284e-09 1.456694780756794 1.381329717276003e-09 1.4557902495902102 1.4346158914534808
0.999997996837328 0.001992713016248832 -0.00018819183363545 0.00019095226257453485 -0.001385162027143161 0.9999990224312182 0.0019924503920530252 -0.9999970552061609 -0.0013855397654974077 -0.014538834534230823 0.19626943126410698 -0.052315393047323314 -1.2276188954274403e-09 1.4265628812701934 1.667403992655636e-10 1.4264616129338474 1.4160213936661377
0.9999031741492985 -0.005370492720287845 0.012837450451665188 -0.012774480413834369 0.011599623421352581 0.9998511196106344 -0.0055186027501701535 -0.9999182999347618 0.011529895023879033 -0.012377514958614623 0.18562282916537542 -0.05502579341915877 -6.653539941225972e-10 1.4742269308790927 -8.331699774544177e-10 1.4693414803011606 1.4465215934217568
0.9998356555046002 -0.017186814005573647 -0.005768483858351655 0.005507414849680129 -0.015198879322606084 0.999869322686225 -0.01727224256892454 -0.9997367691005841 -0.01510172655578018 -0.01085768447605371 0.18660784841451214 -0.05242759640368974 -4.708091694283212e-10 1.4625709186508402 -5.286180382313432e-10 1.4625462463515762 1.4388879584808612
0.9802799235530838 0.19753827311223962 -0.005468284428824019 0.005725935872845153 -0.0007331574865585262 0.9999833379304276 0.1975309726021222 -0.9802949011067712 -0.0018497910491492185 -0.04717673193393599 0.17485315676420032 -0.053004756276614926 -1.0480096790388416e-09 1.4016460614996085 1.1947420830438205e-10 1.4038978344279052 1.39338160130856
0.9999402584756212 0.0025526793637135952 -0.010628419815459153 0.010656283358130212 -0.01116181490781638 0.9998809216666528 0.0024337429401666707 -0.9999344467093977 -0.011188350158601139 -0.013645372257600735 0.1858810954048073 -0.05219083069174568 0.0 1.5366876031164844 0.0 1.5366876031164844 1.5366876031164844
0.9800220682566221 0.19859386754034863 0.010826888074565213 -0.007945659758067627 -0.015299350315584504 0.9998513871425743 0.19872999829170662 -0.9799624511455974 -0.013415741637747367 -0.0474524270382696 0.17346461345989872 -0.05229967783930779 0.0 1.42622 0.0 1.42622 1.42622
0.9795232980071824 -0.20124798158758478 0.005775687669467058 -0.006058128214477083 -0.000787574794320955 0.9999813392301279 -0.20123967735928486 -0.9795400092047627 -0.0019906339353229032 0.019360752058899103 0.18102753600322843 -0.05095751568666021 -1.2965726270408595e-09 1.4022550500482502 -1.1258123322477331e-09 1.4005055294002657 1.3961403785265514
0.978959945441989 -0.2040519273117428 -0.00048598413680572437 0.004402021087443765 0.018737917700618036 0.9998147391645067 -0.2040050181504457 -0.9787807218170003 0.019241911776853346 0.01992960039569009 0.18138849522565115 -0.052395388706535914 -1.523231318856233e-09 1.403243403146333 -9.583454030348548e-10 1.4050539738993093 1.398937634261249
0.9792819787463367 -0.20247537340767835 -0.003244883061173428 0.003841798651910141 0.002555153523085104 0.9999893558301466 -0.20246492705102692 -0.9792840212899907 0.0032800854146900742 0.019786844793678912 0.18096528421965452 -0.05251003871391094 -2.198288662214054e-09 1.4071845067660274 -6.960210185980031e-10 1.408533041181939 1.4024444971765515
0.9788889182688522 -0.2042376705170163 0.00796615542273843 -0.00820427138628943 -0.0003191547919722203 0.9999662934675543 -0.2042282439366716 -0.9789212798187613 -0.001988038365299172 0.020167331139912197 0.1805904783121664 -0.053006495650753466 0.0 1.42836 0.0 1.42836 1.42836
0.979145135381086 0.20268459375703612 0.013919745439476728 -0.015225031953929276 0.004882215441002072 0.999872173017326 0.20259072600086223 -0.9792319027819371 0.007866276915459651 -0.04805384178312776 0.1735224247713376 -0.0531932567479283 0.0 1.426 0.0 1.426 1.426
0.9998999245315299 -0.013596769389617236 -0.003907529143393887 0.003983084758101321 0.005534244243273024 0.9999767533180286 -0.013574828089176143 -0.9998922441957541 0.005587847486102953 -0.011265972743377725 0.187661389236674 -0.0506742029434218 0.0 1.5352178638365297 0.0 1.5352178638365297 1.5352178638365297
0.9847577103203101 0.17372596386093167 -0.008458217619004864 0.009268590981688536 -0.003853914132801252 0.9999496190144137 0.17368461413123018 -0.9847864930158452 -0.005405366559115024 -0.043333129825152715 0.17656344608068475 -0.053779639826220776 0.0 1.43664 0.0 1.43664 1.43664
0.9785903318029529 0.20442270082192437 -0.023923249997787503 0.01964289822726967 0.022942587746483216 0.9995437930459715 0.20487830302650342 -0.9786138140534115 0.01843594024766071 -0.048390610451503016 0.1753034736904869 -0.05326037223636294 3.1609204143023817e-10 1.3963689877181817 -8.364837711383188e-10 1.4025839507770383 1.390841957051971
0.978963969698567 0.20339330259189492 -0.016146531911990645 0.016485066030610625 2.9755669609762402e-05 0.9998641116234579 0.20336614425707503 -0.979097116518766 -0.0033238222949691434 -0.04808750401042479 0.1736578248766491 -0.05419208162608681 0.0 1.42245 0.0 1.42245 1.42245
0.9933902384175068 0.10667648364221603 0.042378792509238566 -0.034203193458378134 -0.07733554789969285 0.9964182628737306 0.1095717836582842 -0.9912816657584191 -0.07317570195875016 -0.032466168413948414 0.18454247385526987 -0.056587909045849816 0.0 1.44536 0.0 1.44536 1.44536
0.9926729806507886 0.12052355748816927 0.008627025922935972 -0.0041625226670957 -0.03724534516828734 0.9992974820684485 0.12076020408613497 -0.9920115202726685 -0.03647076576360773 -0.03418287535826851 0.18622920091372308 -0.05329807370782008 0.0 1.44302 0.0 1.44302 1.44302
0.9957892729471395 0.09166898610934886 0.0007217126098149063 -0.007968702978720058 0.07871472098173715 0.9968653331687306 0.09132482497242518 -0.9926735564557218 0.07911375769930681 -0.029309140377161744 0.18496048071603102 -0.05684205634248546 2.681816546612481e-09 1.4244487578818195 -3.4657947622918073e-09 1.4221504448445028 1.4141576646166376
0.9871872600741168 0.1595254245898167 -0.0035989521804102665 -0.000914223056157942 0.02820884409622803 0.9996016333074683 0.15956339725501512 -0.9867907073053502 0.027993253334416678 -0.04112798125662148 0.17589854675224925 -0.05779644240685183 0.0 1.43963 0.0 1.43963 1.43963
0.9794296551790056 0.20178496329084059 -0.0006157480398365327 -0.005357016986660957 0.02905221724672665 0.9995635402724798 0.20171478112656763 -0.9789988750058721 0.029535568596148826 -0.04785697126095229 0.17653094858340496 -0.05794111969678692 0.0 1.4268 0.0 1.4268 1.4268
0.9869466537598635 0.16099948485961282 0.003933002307038504 -0.014154859913829851 0.062392415804083855 0.9979513146396221 0.16042425805665336 -0.9849803816955287 0.06385691115222117 -0.04053932937999976 0.18894215185702892 -0.04661277537510519 0.0 1.43499 0.0 1.43499 1.43499
0.9994934575919437 -0.010586418715960888 -0.030012596849851247 0.02949351116442471 -0.04618458539695124 0.9984974295765139 -0.01195663121850387 -0.9988768251443629 -0.04584896028725872 -0.011047100158436495 0.1854800290916599 -0.0526732986069155 0.0 1.550922812028734 0.0 1.550922812028734 1.550922812028734
0.9999041681817662 -0.013624494889243468 0.002455115423626718 -0.002413223277599752 0.0030903558235071734 0.9999923129976035 -0.01363197733796539 -0.9999024066577185 0.003057180720877355 -0.011030190699810372 0.1875683618924082 -0.052042798166071255 -1.1678329414621658e-09 1.4600899887388543 9.227916208942588e-10 1.45943706483631 1.435205998583771
0.999996939954536 -7.511781154560618e-05 -0.0024727391448813077 0.002472765845086764 0.00035745566933565115 0.999996878822389 -7.423368246344983e-05 -0.999999933291377 0.0003576403242637992 -0.014331878136433635 0.1985296040535031 -0.052825498168335 0.0 1.45069 0.0 1.45069 1.45069
0.9909534216090115 0.13410053277007022 0.005325721751638914 -0.004283928916880166 -0.00805609057915214 0.9999583728123964 0.13413785503886547 -0.990934986018439 -0.007408733374100196 -0.036298838105943816 0.19012575131289294 -0.053029012439503684 -1.9277468510381368e-10 1.4175892199574855 -1.2508039048952924e-09 1.4162530356212928 1.4076728092182424
0.999920000806756 -0.011886703690295534 -0.004324148701903724 0.004363364432344502 0.003275173839938729 0.9999851170328231 -0.011872364442166189 -0.9999239868668506 0.0033267778487738537 -0.010880858047516099 0.18710732242564368 -0.05591073693656695 -1.2671996785229567e-09 1.4778514594241665 -1.7563159815381368e-09 1.4765222776705738 1.4501578260427683
0.9925361344710233 0.11995983217365978 0.021946763638092018 -0.018272490330314115 -0.03164392493682543 0.9993321660547714 0.12057420066684031 -0.9922743071749163 -0.02921577406286862 -0.0350774597065363 0.17918587936601252 -0.04002659254895738 0.0 1.6262290465202651 0.0 1.6262290465202651 1.6262290465202651
0.9873864874637172 0.1583235939521452 -0.001250588717004189 0.003977012666623939 -0.01690492479594651 0.999849192072431 0.15827857639084436 -0.9872425553610013 -0.01732134925368102 -0.04124831587833404 0.1783060801674172 -0.053050245787142986 -1.6225909504896663e-09 1.4111952845671691 3.0884539370390485e-10 1.41274136487913 1.405125646260995
0.9859209465185302 0.16616503180710276 -0.01868339959831 0.018807767492608922 0.0008251829818375557 0.9998227777736365 0.16615100089361354 -0.9860976124489863 -0.0023116280971256886 -0.042454957238704405 0.1786032000105967 -0.05390568708715558 2.8191493584017735e-10 1.4132858030185114 -1.3646097585251482e-09 1.4180755149962687 1.4086625713027807
0.9856335311556639 0.16889719979952383 0.0005274101791097928 0.0018102753382073775 -0.013686597475963028 0.9999046954348855 0.1688883215761741 -0.9855386410229742 -0.013795719835228995 -0.04243537374010363 0.17640580849779272 -0.054153807875960844 0.0 1.43528 0.0 1.43528 1.43528
0.9999059265711635 0.012566104909258125 0.005498273844809209 -0.0056241553801152245 0.010004259137484237 0.9999341396688938 0.012510271145075759 -0.9998709955821901 0.010073991729056703 -0.01634634324808822 0.19062047868285584 -0.0530819828348565 2.495328388363305e-10 1.4235989476141286 -1.31656374691147e-09 1.4220597972859155 1.4138877247102712
0.9999843093079525 -0.0011839650765585901 0.005475341504856542 -0.00546974865562525 0.004676566886780312 0.9999741054506351 -0.001209540219091895 -0.9999883639067262 0.004670017516823637 -0.01404420658026017 0.19118799438415163 -0.05227924651390822 1.3980905322341641e-09 1.426482641735281 -2.7576110284144306e-09 1.425140770713984 1.4171044952944962
0.9966181239403553 0.08173052729877421 0.008510930681824595 -0.008413229157363318 -0.0015397272029989701 0.9999634227386949 0.08174064233141425 -0.9966532747889832 -0.0008469023811160388 -0.026997774016361567 0.18466946130046163 -0.053239301089630514 0.0 1.5280062814081214 0.0 1.5280062814081214 1.5280062814081214
0.9850994794355994 0.1716805502969765 0.010237395442119355 -0.01111267621700077 0.0041380104072281905 0.9999296901768473 0.1716261170189639 -0.9851439821262661 0.005984182266266398 -0.04328754832097493 0.1782620805764215 -0.05238814107691066 0.0 1.43696 0.0 1.43696 1.43696
0.9785368736048243 0.20493375554819324 0.021627363052613605 -0.02306457537878935 0.00462666258752502 0.9997232713885865 0.20477698200308628 -0.9787649103999462 0.009254069996120832 -0.04829578804066349 0.17678828593731818 -0.05324892421950675 0.0 1.42117 0.0 1.42117 1.42117
0.9796490090283528 0.20066268219285746 0.004723037680845468 -0.0049799093196162625 0.0007753585869950434 0.9999872995804646 0.20065647164478603 -0.9796600873743045 0.0017588612325427253 -0.047723832868841784 0.17682969954217406 -0.05322399085318229 1.3281757915706294e-09 1.4039532143095714 -2.255825748420648e-09 1.4019691364203712 1.3945603675325113
0.9810970871885611 0.19351209065107008 0.0012555006861090009 -0.0010967723217367008 -0.0009273800945781927 0.999998968527785 0.19351305537507035 -0.9810974522125782 -0.0006976112045598186 -0.046817372073994695 0.17672658306776762 -0.053612490812786864 1.3813288290975834e-09 1.4071878624811376 -2.165240431395432e-09 1.4061116517980503 1.397519412713904
0.979327246243457 0.2018662315949548 0.012968010906057533 -0.008975665714009172 -0.02068003709146038 0.9997458544504629 0.20208310713713282 -0.979194751113152 -0.018440639963249367 -0.04808044846038123 0.1745206453777589 -0.052272916893196256 1.6548060699506095e-09 1.40241431420083 -2.294033407679308e-09 1.3987819883984836 1.39234713699852
0.9790858117302563 0.20087717802606286 0.03223868199524445 -0.0287333501878209 -0.020342190557879815 0.9993801027988755 0.2014084602381169 -0.9794052045152674 -0.014144875853769211 -0.04769124625010513 0.17474122112928245 -0.051490382608653615 2.208139449066948e-09 1.4070234090380325 -2.9110100996376786e-09 1.397625962852409 1.3920455898115112
0.9796494869808723 0.20057550380160258 0.0075066592334420736 -0.002444811049873437 -0.025472418533282346 0.9996725357800902 0.20070103526649813 -0.9793470391892746 -0.02446367254026403 -0.04775313026149605 0.1751656600812868 -0.052463177941407396 0.0 1.43033 0.0 1.43033 1.43033
0.9794422724496473 0.20081323267276913 0.019154125461193564 -0.011921249349692263 -0.037165651549075876 0.9992380087641157 0.20137209030204087 -0.9789242871276843 -0.03400766559088878 -0.047787212573624366 0.17409027582359496 -0.05215823668487121 2.417852584812863e-09 1.404181723667266 -2.884862126961707e-09 1.3993724639653982 1.3914046094249164
0.9811335166465174 0.19161659119325575 0.02569249875575363 -0.017778552044212304 -0.04290672470462952 0.9989208857874242 0.19251219597742095 -0.980531536950545 -0.03869056015817332 -0.046307535999744596 0.17407132955049615 -0.05201707088496203 0.0 1.42864 0.0 1.42864 1.42864
0.982352519492552 0.18692754697356134 0.006451327699200003 -0.0013983972076628383 -0.02715075531099751 0.9996303721732809 0.18703361177041156 -0.9819984361843401 -0.0264102139261611 -0.04555742854514017 0.1737114756834358 -0.05145652151836262 3.3046436698214166e-09 1.4047630551860681 -3.6970009276160454e-09 1.4039136277158484 1.3959333473461717
0.9978444509503467 0.0653943485881773 -0.00548004382547818 0.004336428285695523 0.01761713277706602 0.999835402465045 0.06548012749929727 -0.9977039720305033 0.017295580280308392 -0.025400047105457214 0.1848531365444677 -0.05299137257385764 -5.212887899119778e-10 1.4166389359002745 -3.9328984513531395e-10 1.4176081486142653 1.4110086346845252
0.9972457104490378 0.07381833279454597 -0.007200467653395312 0.006367561089316541 0.01151233690058082 0.9999134563875322 0.07389483849882723 -0.9972052546203921 0.011010585847767627 -0.026228459155739195 0.18542919564504515 -0.05243923802852664 0.0 1.4975500000000386 0.0 1.4975500000000386 1.4975500000000386
0.9871473106134581 0.15974484380926046 0.0046660502538912975 -0.005528703385094748 0.004956172774922734 0.9999724345152246 0.15971731461396568 -0.9871458966271298 0.005775654484420306 -0.041261378990694375 0.17692540809846902 -0.04327427457538935 -1.8607693164085504e-10 1.4122706033709091 6.21078299900546e-10 1.410114062670921 1.403302340164145
0.9802225127477714 0.19785029344507343 0.0043688540995663275 -0.0022900591407256816 -0.010734497094599508 0.9999397612862777 0.19788527264952527 -0.980173470338707 -0.010069106842152833 -0.04743457965605877 0.17400130479618187 -0.043026968265899246 -1.1075140804450712e-10 1.3987152560029 6.43297859426184e-10 1.398300913159006 1.3907941597978546
0.9807299865581874 0.19525169104021126 0.006743190010342412 -0.007017939794041058 0.0007153934107216658 0.999975118057102 0.19524200876508344 -0.9807529073921757 0.0020718723824857833 -0.04673340017976533 0.17348762816909566 -0.04254805522057273 0.0 1.4265 0.0 1.4265 1.4265
0.9830834823114195 0.18315309752936448 -0.0013452404439427286 -2.293402295901962e-05 0.00746779066286396 0.9999721153995476 0.18315803635244482 -0.9830560385695286 0.00734566208736476 -0.04488046809329178 0.1740685962952767 -0.041914101625278116 -5.230651467513781e-10 1.4022757794152039 1.2565335438807779e-09 1.4025872870336746 1.39464881456564
0.9836122137570447 0.1799327888550883 0.01145445078544855 -0.011144401837369453 -0.002733947966571086 0.9999341617507641 0.17995225826772301 -0.9836751074533431 -0.0006839013089759006 -0.04434533175288627 0.17409725995004754 -0.04199303580222842 -6.85266954292274e-10 1.4078470140498727 1.4204504239501148e-09 1.4033002708137623 1.3968276097196481
0.9791113002083051 0.2025221270094282 0.01805131230630179 -0.01936555240442366 0.004509569620282877 0.9998023000383183 0.20240068474309597 -0.979267303576208 0.008337323437951466 -0.04805981949420608 0.1738782159929284 -0.04350224714137382 0.0 1.42522 0.0 1.42522 1.42522
0.980357985776266 0.19721799552379962 -0.001811619793796987 -0.0010958230392438054 0.014632151704297885 0.9998923438592622 0.1972232716911708 -0.9802504590042674 0.014560862795646692 -0.04736068216543412 0.17345664867483732 -0.0435470056073321 1.3984724489546352e-10 1.3981450444425603 9.273737333614918e-10 1.3972797790063947 1.3901721588300333
0.9831333215062872 0.18152098635536737 0.022338389749263124 -0.024695483389698555 0.010735195303214132 0.9996373785938335 0.18121535598332877 -0.9833284736517988 0.015036876718888278 -0.04464976935008031 0.17350638380618516 -0.04320441424978569 3.1815616807762126e-10 1.4031425112571325 7.849072503063326e-10 1.3954284371867773 1.3930101738495893
0.981481081670462 0.19142827459611456 0.00707827720102 -0.011727957768274826 0.023167310154486222 0.99966280852435 0.19119974197044692 -0.9812331483522968 0.024983339349937163 -0.04624410998509684 0.1732727723803969 -0.04368545958644601 2.283293554228294e-10 1.4013868486683414 8.423128861068108e-10 1.396815691823213 1.3915064405071922
0.9790361551145766 0.2031080732468815 0.015340063898366688 -0.022007644628388306 0.03060991668782807 0.999289095596602 0.20249412474532968 -0.9786777526756718 0.03443814543960274 -0.048028521835352084 0.17253075447611732 -0.0454529427064779 8.481455537889815e-10 1.4006227634731694 3.3717384440024034e-10 1.3937308409027525 1.3886356972296232
0.9793672527610846 0.20169943820472433 -0.012534785482973135 0.011190655526005372 0.007802983554341602 0.9999069370079141 0.20177847617648384 -0.9794163823806242 0.005384837634217581 -0.04784390675830272 0.17302590396203163 -0.05349837001067985 -9.854703719724967e-10 1.3982370327278764 -2.681170840901359e-10 1.4022657527189555 1.3905959972960824
0.9796821619664244 0.20045384612474473 -0.006412261581499923 0.003398914459992885 0.015373169272223486 0.9998760488415658 0.20052757642101515 -0.9795825239561621 0.014379494232733126 -0.04766091965857886 0.17259007795549866 -0.054383705110355396 -4.4785242181433205e-10 1.3984604819413233 -8.404565932096375e-10 1.4003336577129968 1.390860007851268
0.9796297704880101 0.20080359010696502 -0.0018522887903395062 -0.00037064356670870203 0.011032020960506088 0.9999390767126134 0.2008117909808966 -0.9795694016830462 0.010881722720404653 -0.047706142466694315 0.1732946010861592 -0.05366025655411233 1.7124612838870235e-10 1.3990915697656243 -1.3358585349010355e-09 1.3996303117701423 1.3905839347356634
0.9799634357380288 0.19915694329753575 0.0028594672406345215 -0.007504650130352712 0.02257327599126528 0.9997170236809231 0.19903603905559195 -0.9797075885933538 0.02361558827674158 -0.047691733776057246 0.17335501503374504 -0.05350993527897477 8.79269990150533e-11 1.3979311722768522 -1.1639649244443717e-09 1.3958942783090587 1.389757068384056
0.9844457641772548 -0.1756867096256687 -0.0008470267803584525 0.0008421031884703132 -0.0001025778143457417 0.9999996401699414 -0.17568673329446552 -0.9844461232280302 4.6964043516407444e-05 0.015067837267019109 0.18119367471750028 -0.05249213200283302 -1.1083809425826985e-09 1.40659988949474 -5.378719691861988e-10 1.4066824067403862 1.3991347861943684
0.984148135320896 -0.17726214207412344 0.005529984782665595 -0.0064020795733017045 -0.004348223995215901 0.9999700527141924 -0.17723278794156672 -0.9841540661580281 -0.005414142875741756 0.01532893389772036 0.18088749098977583 -0.0533582429389627 -1.3347412064490527e-09 1.4058929783610195 -4.746913973008304e-10 1.403626124022403 1.3973924757839304
0.9789326603510433 -0.20246145951626313 0.02646136633987656 -0.03313278333917639 -0.02963306123680267 0.9990115616698012 -0.20147720756013032 -0.9788417845046669 -0.0357168831435744 0.01906967172577849 0.18018447419693673 -0.05399327758329664 -1.4833192452101684e-09 1.3952203945705959 -7.796554513106457e-10 1.38602607138247 1.3863644366618049
0.9791517176887109 -0.20164750501563733 0.024498927899306355 -0.01932648460795066 0.02758015915826313 0.999432750020482 -0.20220880480321704 -0.9790697720498645 0.023108022812025 0.019210891895777023 0.1780503866342211 -0.05461832602077807 -1.762019863349451e-09 1.3956850702439052 -8.725873357207092e-10 1.3900573685609228 1.3886209065161816
0.9802756168453436 -0.19757230640618356 -0.004989865711814475 0.0002677984594045852 -0.02391995924267152 0.9997138409734129 -0.19763512669175481 -0.9799964384073904 -0.023395243242248717 0.018523610516402687 0.18108874428981742 -0.05540660336998682 -2.073704763461137e-09 1.4013184209207896 -1.075576960829494e-09 1.4014539180575163 1.3962675949122003
0.985664847410311 -0.16870352056448837 0.0019826065559037306 -0.011054796862396798 -0.052853731534239806 0.9985410730306679 -0.1683526062938718 -0.984248751694435 -0.05396104837757362 0.013870395577562094 0.18437804225531118 -0.05821995569804751 -2.4495516726119604e-09 1.4097410520988198 -1.3295107237354387e-09 1.4049737577785928 1.3992906734252264
0.9811857080932656 -0.1922047840027194 0.018218870436594377 -0.008632509864209222 0.05059583156906703 0.9986819021096152 -0.1928732381823921 -0.9800496838601106 0.04798469713081094 0.017759070116129413 0.1850174320041012 -0.056408707284160864 -2.8352875602877248e-09 1.4004067489356649 -1.2313794428564506e-09 1.3982893263577827 1.3944994198246725
0.9838655688838001 -0.1755419619831369 0.034547965903471686 -0.01511885672209741 0.11083511479949243 0.9937238034276927 -0.1782693538900425 -0.9782129609192949 0.106392859502565 0.01541681236270055 0.18664156783334962 -0.05160584789461112 -2.961073164442496e-09 1.406600822550974 -1.1759730966787174e-09 1.4035561692629814 1.398808853829423
0.9909747835222111 -0.12829332388825532 0.03885616384577643 -0.028496999602863247 0.0816167964053009 0.9962563021422601 -0.13098434806014422 -0.9883721574337466 0.07722421234962583 0.007216432844459591 0.19178861781681805 -0.049442289008667734 -3.0315012722326173e-09 1.417139163031547 -1.524063542035492e-09 1.4086957904918256 1.4048771900070527
0.9876002832499878 -0.15298079079020768 0.03524993863464934 -0.0011131172918061594 0.21770770434504372 0.9760133792314047 -0.15698548179509633 -0.9639503271009423 0.21483790491332705 0.011677364438242497 0.1962804844019188 -0.05749587915270628 -2.7690951753811532e-09 1.4106182514135224 -1.8920669475619434e-09 1.410233748741776 1.4033350995063136
0.9899390170613418 -0.13590193608243895 0.03938789495097442 -0.003049296388452763 0.2578149655266998 0.966189497635946 -0.14146181213019893 -0.9565887869505427 0.25480668827432507 0.011699582745878323 0.21043418676821252 -0.061178377942131906 -2.775460750115144e-09 1.4355360954631076 -1.9458230582358738e-09 1.434742206934149 1.4289823820769953
0.9878662502285948 -0.1549805357502937 0.010065048328118609 1.8868836480862017e-05 0.0649271919916074 0.9978900036497268 -0.15530702271070176 -0.9857816661303032 0.06414230599300808 0.012991141569547789 0.20613417345552137 -0.0567122675266207 -2.7902089527742646e-09 1.4231000594524739 -1.888419198792235e-09 1.423200490568207 1.4171817280055548
0.9825757406458074 -0.1853140851765857 0.014268977871876254 0.0010101842669649752 0.08209515274378895 0.996623983969742 -0.18585987577228638 -0.9792441348974927 0.08085190688395154 0.020953852639674503 0.2201839261850692 -0.04944829422979366 -2.8094522264154875e-09 1.4385323715933067 -1.8526575829014291e-09 1.438947761877663 1.4316195901307847
0.9945887271685088 -0.09444031495395082 0.043293079131933636 -0.015403345157262983 0.2780632348919174 0.960439261150547 -0.10274239994905468 -0.9559089205111756 0.2751038620955139 0.004508730648785468 0.21150355212005278 -0.049874626659609164 -2.762742923323458e-09 1.435275274388676 -1.7381518446768496e-09 1.43445668466914 1.4277765756226142
0.9858599713060098 -0.16648596662163437 0.01904048041867265 -0.0019998732241232886 0.1019285850312645 0.994789708461347 -0.16755929542583198 -0.9807614319861812 0.10015436108734571 0.0131341284665427 0.19731563517408013 -0.06683166215524029 -2.8694078224589248e-09 1.404644917573214 -1.6233814292831994e-09 1.4039526143618826 1.3980054613554698
0.9894090952516692 -0.13825179221062223 0.044227640495787424 -0.004427531124563483 0.2758088678823842 0.9612023019976486 -0.14508631638240288 -0.951218119228176 0.2722756883208577 0.01141019642682805 0.20162657922509167 -0.07773016506721589 -2.914888774796509e-09 1.4271471766012729 -1.7477654878916837e-09 1.426317268474235 1.4208421912343825
0.9885153924349087 -0.150211312054405 0.016549339870603003 -0.001571765966879392 0.09928568941196546 0.9950577276870605 -0.15111203946411395 -0.9836558918691459 0.09790933520411209 0.012176524140445573 0.20522412376488625 -0.07523104312014783 -2.9412206004053587e-09 1.4239024330303884 -1.774619562411317e-09 1.4233359378686794 1.4175119671610803
