0.9970150729207979 0.07718122525576736 0.00200070906293156 -0.002083593993329891 0.0009933877583671075 0.9999973359048675 0.07717903215774967 -0.9970165854431811 0.0011512369056877678 -0.027096867013915102 0.18407245424606972 0.007054509010751692 0.0 1.44724 0.0 1.44724 1.44724
0.995968867912234 0.08905998309732506 0.010692687236000729 -0.010529299702625488 -0.002304193108641297 0.999941910583755 0.08907944767113818 -0.9960235991706332 -0.0013571653483221474 -0.02886855419327492 0.1858659173181216 0.0077808634359909645 1.2066716110759046e-05 1.4246144638128015 -2.5930635416671066e-09 1.4223138633993244 1.4156825656939063
0.9929477170090019 0.11753287772471019 0.015519469719013409 -0.015357721994380607 -0.002281778591315659 0.9998794596658156 0.11755412226610504 -0.9930663704608107 -0.00046064958167127217 -0.033692659411243324 0.1850647128023144 0.008327801849104283 1.2067412974658964e-05 1.4280325228189161 -3.5638691997519345e-09 1.4250747460120161 1.416975209936389
0.9927179936445442 0.11774411346151348 0.025442264826719962 -0.031000986445910275 0.04562185338406507 0.9984776338672706 0.11640414053516825 -0.991995448698715 0.048939818423280726 -0.0332173462687972 0.18617310990919814 0.008760311886968658 1.2068078691029882e-05 1.4266706448397457 -4.661886876533572e-09 1.4196752962407144 1.412699316339685
0.9895709746220992 0.1434193786637732 0.013422667736559396 -0.02828000253249492 0.10206356755669324 0.9943758191118499 0.14124279677998064 -0.9843850415367442 0.10505504441230573 -0.03761510789648853 0.18411802912703706 0.009867526290023965 1.2068750849358878e-05 1.4225599189830813 -5.634080757488391e-09 1.417192456512419 1.4115051689752702
0.9847698063360827 0.1723498709922364 -0.022889965001144038 -0.01116420241735245 0.1940674532814398 0.9809246577394415 0.1735044354279697 -0.9657294370297592 0.19303591723046215 -0.04294226300729781 0.1864183763931892 0.00655896841926068 1.2068359743544477e-05 1.4133408784232913 -5.587596163536546e-09 1.412025977711438 1.402911215038519
0.9815992493274445 0.1867299879572516 -0.039935264081788976 0.0004973465014673911 0.2066361995575917 0.9784177194219514 0.1909520001630122 -0.9604339605771338 0.2027410688633784 -0.045774523440286555 0.17972821118283983 0.0025213166225296624 1.2068320098812535e-05 1.4120285330455236 -5.884522202848075e-09 1.4104430362524676 1.4025414526322288
0.987106333067063 0.15977247315523657 -0.009687313392060536 -0.030579903068585917 0.2476428265910169 0.9683686797735289 0.15711765256397092 -0.9555866194437168 0.2493356292087366 -0.04008550010530132 0.1813435768434853 0.010476948293524774 1.2067711482544041e-05 1.4172721645034274 -6.2178386883715575e-09 1.4094537008538008 1.4060037096525608
0.9804070106715033 0.196850919387534 0.0071978442918214335 -0.07968940654153886 0.3629426327442626 0.9283976754719503 0.1801435314165459 -0.9107811816638209 0.3715184345571966 -0.04514288256878242 0.1804388541160712 0.018867425557707956 1.2067547001670675e-05 1.4174905067018289 -6.130244756263892e-09 1.4206185853491133 1.4085121560743676
0.9420379025772851 0.26338691330977704 0.2078266681755199 -0.3080006761759231 0.4332765085148592 0.8469988492579832 0.13304199931962787 -0.8619157737658136 0.48928624071264776 -0.043112634520514205 0.18940512198364173 0.015412068469781465 1.2068526216602038e-05 1.4470997727370163 -6.299718080526873e-09 1.46154045116198 1.4474466805287642
0.9407767237115738 0.20063481790123944 0.27328524652504366 -0.3385216156123248 0.5119307213433893 0.7895125409441314 0.018500591496999105 -0.8352679847752895 0.5495317294967487 -0.022417018225821903 0.1812031486697273 0.03235086199572282 1.2070496858029856e-05 1.4401581255758957 -6.263049634469553e-09 1.4556118790381323 1.4406612464064876
0.9931221806588396 -0.03343025223974364 0.11220852248656725 -0.06258344831325258 0.6583987964371227 0.7500628885949303 -0.09895274771654292 -0.7519264878200098 0.6517782679976458 0.0034800557570038946 0.18647128357842552 0.026310877471499655 1.2070707015254811e-05 1.4593257906381032 -6.321930534625153e-09 1.4717616986414876 1.4568535336983262
0.9801337763948679 0.1983371819265916 -0.00037767095891878046 -2.7841844208197163e-05 0.0020417699773764143 0.9999979151979224 0.1983375395500479 -0.9801317224948785 0.002006729791375502 -0.04720484301669266 0.1724399625166802 0.007454893410340613 1.134561777860199e-09 1.407962288704046 -1.3006173915641739e-09 1.4079056799104777 1.3981249071546467
0.979174296120601 0.20295999214672605 -0.004993936776367263 0.008213166213505891 -0.015022253464420654 0.999853427159001 0.2028552235400281 -0.9790717917949896 -0.01637634861236227 -0.04796221582710448 0.17256937309637846 0.008129175707493552 1.5569678879501225e-09 1.4061977416336502 -1.4502896661383602e-09 1.4093127565986157 1.3973894953185821
0.9811790059234201 0.1923536877707256 0.016965174214591136 -0.006599980569278464 -0.054399376782221114 0.9984974451956256 0.19298756071730203 -0.979816700514289 -0.05210599583231745 -0.04634512676901614 0.1747550796423432 0.006826117493644396 1.20669e-05 1.4353 -1.5708e-07 1.4353 1.4353
0.9954699228702396 0.09507451754342129 -0.0006846711655282943 -0.00033379683834451574 0.010695996159487905 0.9999427404835874 0.0950763968626806 -0.9954126942027826 0.010679278045268926 -0.030094472188201733 0.18593461528689312 0.006166233174683733 -2.1834622998539999e-10 1.4238808046736597 -4.719948876186209e-10 1.4238808527106084 1.4153118802802132
0.995552159808516 0.09410671056098763 0.004452429448026317 -0.003690726895542129 -0.008266529068134354 0.9999590206764216 0.09413966026910059 -0.9955277954555344 -0.0078824387001826 -0.0297107130134234 0.18678942494653739 0.006874046601157036 1.922897396866574e-10 1.422698965472736 -3.971063478047654e-10 1.4218765020099973 1.4134820320566668
0.9985498153034407 0.050798461809792375 0.017826458852610208 -0.019272641184804106 0.028122830951459767 0.9994186668664128 0.05026760049203196 -0.9983128881553291 0.02906106817959013 -0.022734522303863587 0.18571269184084588 0.007100952505823738 -1.8639312315826828e-10 1.4269893129817754 3.5013947297102277e-10 1.423649988427961 1.4179841704481309
0.9944168620609979 0.1055090262843263 -0.001717504378924508 -0.003592605537233776 0.050117820492862966 0.9987368508543675 0.10546183022407737 -0.9931545949355409 0.050217058099906384 -0.03171470332543225 0.18490297433419667 0.005513492562796013 2.7494806431604957e-10 1.421836453889183 2.901661133591915e-10 1.4210144564543006 1.4141022821917888
0.9986184134011786 0.05235068427019252 0.004546457143262146 -0.007167339008557188 0.049985589984405845 0.9987242212169721 0.05205663903527883 -0.9973769832166538 0.05029174566464362 -0.022770106814646807 0.18578598153068498 0.008347624244981533 -1.2861356424309633e-10 1.428123023861688 8.676970253418403e-10 1.4268403778882321 1.4195201504108708
0.9916771244162073 0.12859532680169852 -0.006302605363399938 -0.0021853382440075453 0.06575743702660815 0.9978332444714652 0.1287311353416945 -0.9895146291998193 0.065491170345187 -0.036738952191125454 0.18085414595297836 0.006807899249573868 1.6916779088660405e-10 1.4200406601162872 9.553575708309836e-10 1.4199712270775908 1.4144895722360094
0.9827371502899642 0.18484598715246078 0.00772363085553146 -0.0016408331319939518 -0.033037755236171855 0.9994527574605956 0.1850000029907923 -0.9822120279056795 -0.03216412801273698 -0.04493173651074721 0.18675168529483432 0.010169660569105232 1.20438e-05 1.42078 -1.5708e-07 1.42078 1.42078
0.986512437330427 0.16364883217068382 0.0035029589708551745 -0.005119653741605612 0.009458336492517733 0.9999421628356114 0.16360623502160973 -0.9864733141854195 0.010168591942257011 -0.04188730262238735 0.1960502890645687 0.010918959108467768 9.489307117860335e-10 1.410898425850701 4.904929795657154e-10 1.4111430258852762 1.404419993354315
0.9860436887771097 0.16515339545699342 0.021028547069553816 -0.04102067214979238 0.11859187102600988 0.9920953949005757 0.16135410834313996 -0.9791120079416736 0.12371146925493234 -0.04311086726017779 0.20279797277229314 0.026758531772059113 1.0823058005371422e-09 1.4278731836833254 5.246123535584957e-10 1.4271205621377208 1.4186409720247068
0.9988692882308593 0.047469605009662214 0.002604156178680428 1.0799083811074972e-06 -0.054799734919502706 0.9984973655706789 0.04754098261510907 -0.9973683500357222 -0.054737823477107705 -0.022504214382675705 0.1992590687103351 0.02863009353409357 1.1534995181250451e-09 1.4310581202550932 5.083906629010926e-10 1.4329960244759148 1.4260370050463154
0.9987700320063577 0.040063885771391486 -0.029211439932262384 0.03879007455262301 -0.2644116706488731 0.9636294923573446 0.030882896273199928 -0.9635773728567771 -0.26564053387276954 -0.02037675817416218 0.20004482404154886 0.025870687501949347 1.1679972544698103e-09 1.4317392504475155 -2.5623769772664673e-10 1.4269205030766337 1.4214894292943052
0.9997507876839348 -0.021969549523146385 -0.0039625016217299525 -0.0018520528161266037 -0.25851202132715867 0.9660062653677319 -0.022247076790411602 -0.9657581859467185 -0.2584882857136564 -0.010740603343222854 0.19383467739116686 0.04152502802469277 6.899369964230573e-10 1.42323844462031 3.873514842211989e-10 1.4263218948341683 1.4178493812928368
0.9981247435621702 0.060397704848196634 -0.009955578236456264 0.02877282863846381 -0.31936651763565865 0.947194357956916 0.05402888691333253 -0.9457045757858755 -0.3205054363291887 -0.023972964380828826 0.19242407199276168 0.044666953496501544 -1.1579981418208263e-10 1.430777003702965 1.0712035702908906e-09 1.4268836232494175 1.42076305031752
0.9901431644450756 -0.137391935055431 -0.027202391152551048 0.0008608769727903032 -0.18824726501844266 0.9821212888965976 -0.14005632007706714 -0.9724640987691013 -0.18627346513035528 0.008415109519651687 0.194146257589891 0.05198603184288417 6.453024781194472e-10 1.4194565486223505 5.720366402783839e-10 1.4189829245959649 1.4125583116917584
0.999195521567821 0.03478904298644136 0.019950743517421654 -0.021397325917177912 0.041717402560835684 0.9989003017154271 0.03391849233684295 -0.9985236005281322 0.04242823430135657 -0.01986511076100758 0.18568803859043292 0.05729656936741187 1.0635945457693197e-09 1.4252951694560672 -1.0418599316608379e-10 1.4199765470084342 1.41558957808222
0.9982427587944327 -0.05247464769678925 0.027528273893904498 -0.011672066155505034 0.28133387131359455 0.9595389599820153 -0.058096104741552926 -0.9581741304172241 0.2802270122829968 -0.0052596342152086625 0.19586461465191451 0.031153148879101228 -2.403144350182629e-10 1.4283299704847217 5.510800704655594e-10 1.4235490449741945 1.4179779679294544
0.9899616438591676 -0.002256810170631396 0.1413182595969413 -0.11921354064255116 0.5237676871417338 0.8434782401660791 -0.07592150825109809 -0.8518581552782438 0.5182408782321459 -0.0035505725799975865 0.18655552676866405 0.052128933040808734 1.508383640214106e-09 1.4369135063136254 1.432889362718015e-10 1.452154076657247 1.4370606050805934
0.9956553099531499 -0.08950216484227683 0.02568786193210852 0.01272438851877257 0.4040610757552018 0.9146435026808928 -0.09224203867500147 -0.910342797822938 0.403444415939773 0.0007356136895648804 0.18936954494336952 0.034923477897217114 2.0870150052587633e-09 1.4229645266906816 5.017160020770461e-10 1.4278639042579044 1.417470268948466
0.9999997650706147 0.0006266270055345851 0.00027784404144149506 -0.0002779181332426889 0.00011815510498227695 0.9999999544004401 0.0006265941482687841 -0.9999997966889629 0.0001183292282317884 -0.014189100986761561 0.190263065437843 -0.042539547178411005 0.0 1.45225 0.0 1.45225 1.45225
0.9925880794480528 0.12151561823959385 -0.0016908759491231023 0.0018315901726911343 -0.0010463048810251277 0.9999977752592929 0.12151357872709262 -0.9925889681887188 -0.0012611165645699822 -0.03570859016964232 0.17824053319291086 -0.04225825816517863 2.1151812390485247e-06 1.4180934199431405 -1.46770595677026e-10 1.41832247745299 1.413746055704551
0.9908958687338543 0.13462923843073737 0.0005877803499085028 -0.000458494529082473 -0.0009913126314332792 0.9999994035408388 0.1346297408039801 -0.9908955471990104 -0.0009205608218358892 -0.03756693153230915 0.17775599114374024 -0.043469516231072244 2.1152944897906423e-06 1.4215383794924348 -1.3813750143754078e-10 1.4213358583570201 1.4150383239140965
0.9905273236629555 0.13554341350503235 -0.021991001171082672 0.0188220977822445 0.02461674762039043 0.9995197568691023 0.1360196666375064 -0.9904655464941715 0.02183234975498084 -0.037722262048203156 0.17824420653994766 -0.046345138656642776 2.1171225119687165e-06 1.4159710507269434 -2.0116690535587622e-09 1.4208225346704815 1.4120785087541128
0.9962184530557597 0.08624197748970916 -0.010541115209178394 0.004845114563002718 0.06599131066610055 0.9978084344108549 0.08674859454803897 -0.994086247885582 0.0653239091658272 -0.028921079646240782 0.18387919416999504 -0.04674009718056625 2.1183598413188065e-06 1.4286911033505483 -3.1291609303707446e-09 1.429473763063699 1.421139453323529
