0.9999920092981314 -0.0011457608150698593 0.0038299571852257815 -0.0038340845581859347 -0.0036220561809651814 0.9999860901555695 -0.001131872557619588 -0.9999927839445526 -0.0036264201820425217 -0.024124695688460665 0.12527668114159557 0.02272825849932672 -8.90462814595594e-10 1.6822908439535142 -4.797886532514894e-10 1.6818861127258682 1.679853322848233
0.8044155935005058 0.5508549551931979 0.2224283508735544 -0.5435299641232536 0.5313306479680657 0.6498176056633201 0.2397722482553055 -0.6436198884970348 0.7268168325635151 -0.025362763699757478 0.20315162192403308 0.04060700803121153 0.0 1.53398 0.0 1.53398 1.53398
0.9999983000304691 0.0017967065232675859 0.000414465729743743 -0.000413474604564543 -0.0005519707830893145 0.9999997621834747 0.0017969348689544941 -0.9999982335854021 -0.0005512269522365749 -0.024728658245154366 0.123885159072909 0.021610194354051343 0.0 1.70018 0.0 1.70018 1.70018
0.999972638984203 0.007086308206216039 -0.0021226207798953674 0.00208650064793622 0.005100679648664304 0.9999848146757868 0.0070970274069423024 -0.9999618829251085 0.005085754502224118 -0.025728901902959185 0.1205515111159031 0.022232202911778187 -1.3124568098987766e-09 1.6811784337415308 -6.492202331287444e-10 1.6824936576348577 1.6764394275179741
0.9995161108997221 0.03102154587921913 0.002282048018273669 -0.0017230941647290911 -0.018033052672382595 0.9998359065155714 0.03105760773777789 -0.9993560290019661 -0.017970873630064336 -0.029200145046933954 0.11831838557581555 0.025024303148694027 -1.4426593253347164e-09 1.683801295108264 -6.870495283806122e-10 1.683904825956323 1.6783939594188562
0.9992246290483879 0.03890519878151743 0.006043691825555459 -0.004820991522154901 -0.0314451384228807 0.9994938525625404 0.039075551740890134 -0.9987480106500021 -0.03123319514248473 -0.030516417275859183 0.1192310793774555 0.02105040245748102 -1.4357128819142417e-09 1.682737474590093 -5.595328644858455e-10 1.6820006813320179 1.67553338705644
0.9995440973087039 0.029724712794480013 0.005295185040600385 -0.004567977792540201 -0.024479554771720334 0.9996898944057929 0.029845118766984015 -0.9992583213801445 -0.024332612648883353 -0.029073443928991985 0.1229598780172058 0.020098792044640323 -1.4657830504916092e-09 1.676580224482497 -5.66314106720256e-10 1.6762405332000556 1.6691072648200942
0.9998238723039541 0.01746372878894241 0.006873321461497399 -0.006143595726605594 -0.04150066945824977 0.9991195877701854 0.017733600950592354 -0.9989858420474754 -0.04138606995139538 -0.0272826081771882 0.12146993041449579 0.026158923698227782 0.0 1.70109 0.0 1.70109 1.70109
0.9999620990000838 0.008392173351990776 -0.0023177553314575015 0.0021501625997361815 0.01992437020704804 0.99979917797158 0.008436667833988696 -0.9997662681338486 0.01990557051622254 -0.0257334337549875 0.11304133421479669 0.027381037248293993 -1.53576884542872e-09 1.697193864153192 -7.872387186580454e-10 1.6970470027293132 1.6918449408695757
0.9999569855608702 -0.009244467494672953 0.0007528935899542497 -0.0005128121767148941 0.025945239442321993 0.9996632340813341 -0.009260888277550481 -0.999620620221002 0.025939382746900774 -0.023239958853660758 0.11063433844262827 0.02085063787249597 -1.2185097375549958e-09 1.7079944749568954 -1.0721450394157728e-09 1.7081375821615605 1.7036014889218123
0.9999989827119385 0.00121056946778073 0.0007543849492506402 -0.0007452759188068189 -0.007507474495697299 0.9999715407902872 0.0012161985416968132 -0.9999710857561134 -0.00750656465016075 -0.024721853816504515 0.12161810447830992 0.019580359293277116 -1.3037428914230986e-09 1.6807118990272123 -1.2049872211150614e-09 1.6814976233604328 1.6753064354703957
0.9999367767926257 -0.003147061751084401 0.010795296193696898 -0.010939650798991143 -0.050176248745903186 0.9986804634627562 -0.0026012416210182488 -0.9987354204513446 -0.050207504199123176 -0.02400952238958965 0.11346163753627393 0.029800059080636307 -1.0629266355977052e-09 1.6989247973420518 -1.3016157041079168e-09 1.6979911649070587 1.692953005525725
0.9999976197650886 0.0018321475147690587 -0.0011847783089661973 0.0010977486090833072 0.0467941243435161 0.9989039517766034 0.0018855800562497561 -0.998902874739285 0.046792001725121726 -0.02514474676603158 0.11948425780615685 0.033231517579033684 -1.0760290436451214e-09 1.6860071356825568 -1.5382095597260559e-09 1.6877363582117662 1.6818713783392516
0.9999095334528646 0.013450672945499531 6.563069345732878e-05 -0.00012818435101714107 0.004649787519600159 0.9999891814638768 0.013450222260129048 -0.9998987243082849 0.0046510910351606136 -0.026521440708895866 0.11012232998571364 0.014333784416073442 0.0 1.72751 0.0 1.72751 1.72751
0.9999950548136707 0.001963953883984564 -0.002456264103370775 0.0023805743782406626 0.037654933930009765 0.9992879659119068 0.0020550459443988128 -0.9992888715661095 0.037650072381049005 -0.024897221892849045 0.11992577871283831 0.032335175302631775 0.0 1.70578 0.0 1.70578 1.70578
0.9999295817077357 0.00541919264774782 0.010557650157088976 -0.010307888542156439 -0.04421354747539897 0.9989689232671071 0.005880396210746773 -0.9990074046625917 -0.044154573599089336 -0.02561376007201629 0.11113496998334213 0.019249055062969173 0.0 1.72646 0.0 1.72646 1.72646
0.9999404974797507 -0.009788292796034858 -0.004815685214785613 0.005405409899650854 0.06114279105338995 0.9981143925653101 -0.00947539148349918 -0.998081032995989 0.06119206263800755 -0.023196874227370934 0.11808023896766844 0.010821284380341245 -9.195604278033898e-10 1.6852498577308177 -2.0038024572954782e-09 1.6847240010879228 1.6796462231604492
0.9999331673110452 0.003240567990108701 0.011097730867279727 -0.010782325669711025 -0.0849681971994299 0.9963253218290856 0.004171614130451312 -0.9963783940771599 -0.08492757768691123 -0.025058479266541846 0.11212368744582366 0.008859786303269085 0.0 1.72183 0.0 1.72183 1.72183
0.9999572078284957 -0.002551271748846225 0.008892329520557643 -0.009016929586226935 -0.05389475262662555 0.9985059091563514 -0.0020682100173017126 -0.9985433624293834 -0.053915450990842634 -0.024284444649084285 0.11270751020650668 0.029748512903074037 0.0 1.72191 0.0 1.72191 1.72191
0.999989538177644 0.0026062294784227713 0.0037591359602760638 -0.003797120972315292 0.01472626296146886 0.9998843528386226 0.0025505700507227553 -0.9998881661201394 0.014736005066532984 -0.025310061213789266 0.11096070891950657 0.02863824948294838 -1.234141677741718e-09 1.6992949048448942 -1.5694450183900699e-09 1.699316453939491 1.694527481132842
0.9999559163599521 0.009252660491414672 -0.0015980020522959378 0.002158740867187245 -0.06091381210960539 0.9981406951588258 0.009138116578204923 -0.9981001431560393 -0.06093110090337142 -0.025854544835597237 0.11126100788072932 0.03256547022351983 0.0 1.72115 0.0 1.72115 1.72115
0.9998786309716012 0.015561045438513221 -0.00075973101619458 0.001577237110619488 -0.05259074466041477 0.9986149037037048 0.015499537072226585 -0.9984949010590507 -0.052608905231178234 -0.026870082483724113 0.11069675944567163 0.019792775092762893 0.0 1.72462 0.0 1.72462 1.72462
0.9998271540634593 -0.018495758217635327 0.0018891599503895965 -0.002425939444759325 -0.029042476891870107 0.9995752344640174 -0.01843303597277837 -0.9994070449341148 -0.02908232660717317 -0.02149342160356625 0.12081724375609193 0.009338449544998101 -2.50502818488485e-09 1.6821954163103339 -1.3548060451284982e-09 1.6826346940164045 1.6794469077227943
0.9999337041999132 0.005313374358209736 0.010215442132873107 -0.009703819397179413 -0.0887356005393969 0.9960079462966245 0.006198636474861583 -0.9960410439584517 -0.08867815771660126 -0.025407207903571816 0.11819370595474417 0.03648362632952529 -2.277337429745785e-09 1.6843399971870436 -1.623512879689315e-09 1.6839686807641039 1.6792853767598919
0.9998185980946442 0.0012436431930062677 -0.019005900548740323 0.018653086734083446 0.13784372672900586 0.9902783292371644 0.0038513970648166446 -0.9904532095728035 0.1377955238299905 -0.025086035790278335 0.11712243947322941 0.0065096586599796 -2.662787323970406e-09 1.686504819865621 -1.7830839027510592e-09 1.6876605230032755 1.6806037504517022
0.9999569086863653 0.00541933688963395 -0.0075373442328657975 0.007184169717680142 0.062473666327256004 0.9980207556564635 0.005879496226347147 -0.9980318991912571 0.062432040818933984 -0.025518822899079086 0.11247277230896716 0.016807498959436118 0.0 1.72271 0.0 1.72271 1.72271
0.9999837198766127 0.005702478592706021 0.0002042538411956181 -0.0003613352452849902 0.027558737975083143 0.9996201205448303 0.005694683360155194 -0.9996039204100393 0.02756034982192954 -0.02536811464632324 0.11147759893122422 0.026634828199055105 0.0 1.72292 0.0 1.72292 1.72292
0.9999252061489871 0.012225575199568389 0.00034266447920974774 0.00033767128316226913 -0.05560313984888225 0.9984528916363805 0.012225714130885822 -0.9983780977916058 -0.055603109301589584 -0.026437927643563525 0.11093335226172536 0.04541556087493445 -2.095119633338527e-09 1.698313329267875 -3.0129072570161952e-09 1.6996785732037454 1.694872422245072
0.9994799822911355 0.032241147469579366 0.0005228854142023676 -0.0001405456959124307 -0.011859876413622308 0.9999296593152744 0.03224508096158096 -0.999409751674106 -0.011849177713354156 -0.02942354631475496 0.12241897159823709 0.017209125200203915 0.0 1.69823 0.0 1.69823 1.69823
0.9996086391506179 -0.006755519818085622 0.027146482045329795 -0.027880469473761334 -0.16111694205441215 0.9865414387672511 -0.0022908420662763294 -0.9869122017358093 -0.16124223425518738 -0.024115801540215257 0.11452826572008759 0.02704941337868863 -1.7113954697833833e-09 1.6925793390445545 -3.2148674833365476e-09 1.69135501992164 1.6884514897219933
0.9995163205234893 -0.018543049923921272 0.02496558244272452 -0.02765874550846493 -0.16305803900537685 0.9862287106511446 -0.01421684930227089 -0.9864422087559109 -0.16349204867722636 -0.022489230506453232 0.11527711682917936 0.05573873050928388 0.0 1.71408 0.0 1.71408 1.71408
0.999592600138356 -0.009789828326341643 0.026810315365204236 -0.02800431876895327 -0.1549698253275545 0.9875222080379935 -0.005512882996019461 -0.9878706962448516 -0.1551808481153012 -0.02353482542278607 0.11428095222241276 0.03348046197081321 0.0 1.71123 0.0 1.71123 1.71123
0.999922245006134 0.011223331531122649 -0.005435142246099232 0.0050635923276283815 0.03287228523421574 0.9994467333961425 0.011395787582804774 -0.9993965427660949 0.03281289887444756 -0.026146340326572835 0.11272511823155472 0.018504328996425373 0.0 1.71721 0.0 1.71721 1.71721
0.9998948625306074 0.006053107709042869 -0.01317663735406463 0.0126870968109217 0.07481773289976916 0.9971165149661543 0.007021499797629116 -0.9971788539328347 0.07473307038915483 -0.025523803685039738 0.11202494664290943 0.03964587736712308 -6.783249517638978e-10 1.6991038793896998 -3.732197662031922e-09 1.6989776545750708 1.6948202212572445
0.998633371261092 0.05194277642845726 -0.005773887824439768 0.0035139311549193843 0.04349515361213414 0.9990474582821856 0.05214443490483325 -0.9977024203584755 0.04325318854483959 -0.03316527591448683 0.13217437965797244 0.03354290518757004 0.0 1.68259 0.0 1.68259 1.68259
0.9990841029546722 0.04216550088504283 0.00728187876660466 0.00042637737573973655 -0.17998016061570798 0.9836701479597099 0.04278753820438293 -0.9827661025492574 -0.17983329573399653 -0.03097727114851532 0.11316196043400088 0.031127066017445804 -9.738432282802023e-10 1.685848781019513 -4.219212534906092e-09 1.6894288713767756 1.6812346191927592
0.9994027971217359 -0.007565423590604936 0.033716664591048745 -0.03439144380257379 -0.31259913655868293 0.949262349625192 0.00335822846527308 -0.9498550121932614 -0.3126726372948461 -0.02479467855067359 0.11709237679342199 0.059384774128888596 0.0 1.69256 0.0 1.69256 1.69256
0.9998974040427264 -0.00032352446882761557 0.014320500009946228 -0.014305855180810147 -0.0730723850858964 0.9972240315222072 0.000723806716249025 -0.9973265873673359 -0.07306951644879675 -0.024690729378720307 0.11319950104553692 0.0008934433450717844 -3.206643839348544e-10 1.6986306482677929 -4.446397916524347e-09 1.6977788412781765 1.6936089628741167
0.9994002220827983 0.03120668399007699 0.015011294920728807 -0.011357209093526416 -0.11413661426365782 0.9934001444966853 0.032714062762970106 -0.9929748114422503 -0.1137137368076874 -0.029652554798450904 0.11873985461658079 0.03809419551336206 0.0 1.70754 0.0 1.70754 1.70754
0.9994417886850088 0.03338602285519186 0.0012184038833687276 0.0025404834245392957 -0.11231514327092708 0.9936693889498665 0.033311514136707084 -0.9931116161187239 -0.11233726432478328 -0.029471708850994087 0.11163731056513021 -0.0008400458704504177 -1.0926246574172183e-09 1.6941838524250334 -4.022170152495619e-09 1.6962138147168915 1.6908259128090712
0.9999245240467121 0.0005968125855406555 0.012271512730480712 -0.011889786249954043 -0.20461080965138337 0.9787711936692537 0.003095027122177377 -0.9788432256436896 -0.20458827048139847 -0.02511227246213142 0.134061496402043 -0.005079191926607954 -1.0326548505190658e-09 1.6507079425552256 -3.993203989693939e-09 1.6517901782526483 1.6447425650107288
0.9963509743751087 0.08505383558040454 -0.007112026070889822 -0.007670274383910679 0.17221841503268712 0.9850289256740152 0.08500531014382 -0.9813799786915824 0.17224237187946037 -0.03990057990231573 0.14611645795273553 0.004884270519115885 -8.437153198315173e-10 1.643758114647774 -4.233124961672274e-09 1.6414476578615975 1.633298695242054
0.9999415914379426 -0.008338393845817483 0.0068764017208605465 -0.007306046180042914 -0.05264027748382187 0.9985868128889153 -0.007964634440431058 -0.99857872617761 -0.05269812353141268 -0.02335707625094894 0.11809791341616027 0.05251581067917639 -4.937765751833467e-10 1.6815311606122672 -4.821540500188348e-09 1.6814768714441133 1.6782473808058818
0.998801833189499 -0.04439206385438346 0.020597152328522328 -0.03051702591431979 -0.23596092269210744 0.9712832512154392 -0.03825714504038096 -0.970748055691608 -0.23703291590899694 -0.018173348267060588 0.12946998320211092 0.06193479710438954 -1.1814638156693036e-10 1.663088845564869 -4.7182515672261616e-09 1.6626460459641512 1.6585883975441513
0.9999936458884942 0.0022785273107034337 -0.002741622864534818 0.0025745183304591857 0.07035997590784224 0.9975183435133482 0.0024657733073198736 -0.9975190635288843 0.07035366272238194 -0.024979485113917933 0.15103973370227272 0.0185922790290904 -1.5932677399632666e-10 1.6456684637070076 -4.455789515134256e-09 1.645887354306594 1.639613516125161
0.9998577351674771 0.001137545303060556 -0.016829005212620624 0.015530806331033292 0.3271576179998989 0.9448421492711574 0.006580538007705888 -0.9449690994817321 0.32709340798037095 -0.025850392037368185 0.13443415710303747 0.0051303274313853064 0.0 1.67545 0.0 1.67545 1.67545
0.998648227068237 -0.05016032256616637 0.013625733504126589 -0.021684456167862742 -0.1638090229971674 0.9862537139830794 -0.047238786332540104 -0.9852159895295913 -0.16467528970995315 -0.01656216783691121 0.13436856549280285 0.04308349729243478 1.6820056458755062e-10 1.659539227280506 -4.2438372815922776e-09 1.6598030713560412 1.655712206165557
0.9988996080708102 -0.046515009607638866 0.005993903334474859 -0.00824057121650991 -0.04825942601380134 0.9988008414027515 -0.04616996839946281 -0.9977511622052965 -0.04858963198021682 -0.01615664973050425 0.14226197667126522 -0.01168222852644156 0.0 1.6758000000000002 0.0 1.6758000000000002 1.6758000000000002
0.9723744122144953 -0.05064131944872114 0.22786719648735626 -0.20594702783766652 0.2733988088200257 0.9395950793084341 -0.10988095465250684 -0.9605667848204431 0.25541657680027374 -0.005760774902840979 0.17715278227601486 0.05616787839429341 7.242384469918761e-10 1.6601298262198183 -4.22063983762655e-09 1.6696586453638371 1.6588653906303437
0.9919869699990193 0.12628150252886733 -0.0038514245697531223 -0.010563335779390285 0.11327952588364659 0.9935070029711859 0.1258978446573915 -0.9855053176592341 0.11370576755818242 -0.04791707864610027 0.1557117779531661 0.011731003258879852 0.0 1.65992 0.0 1.65992 1.65992
0.9932924100361197 -0.11561661425610673 -0.0017281992337874336 -0.001059873884092559 -0.024048992764527162 0.9997102193207597 -0.11562467224596515 -0.9930027414136207 -0.024010221012035645 -0.002333042160935963 0.16364037090757805 0.05307435958468401 0.0 1.6592600000000002 0.0 1.6592600000000002 1.6592600000000002
0.9971202874188108 -0.07407505114853224 -0.016248668104514224 0.039311136220220894 0.3216465710163401 0.9460434017118378 -0.06485188499113624 -0.9439578222308308 0.3236322957653077 -0.012530187461909006 0.13916948830144735 0.008667135051350278 1.4068204379213967e-09 1.6499972135114032 -4.419392851673365e-09 1.6490170263621486 1.6451074767353395
0.997920489490315 0.06408441335210718 0.006919871438584479 0.007218684078425299 -0.21779469430534218 0.9759679101961387 0.06405144226000035 -0.9738884223039922 -0.2178043930839207 -0.03429781035467221 0.11506960312329591 0.09270986724939888 5.459206420255214e-10 1.6753878240019633 -4.5959254180161224e-09 1.6800605159152209 1.671509473438208
0.9992057953201705 -0.03746242105198082 0.013577393251637523 -0.021630865404970813 -0.22379568471000877 0.9743960166005454 -0.03346467182593524 -0.9739158374901307 -0.22442828971740614 -0.01863776588103085 0.13891974557300457 0.008784929460062194 9.722729288341725e-10 1.6504647275085826 -4.94415619556321e-09 1.651976873273977 1.6465402102458269
0.9999036347700357 0.01386047805054931 -0.0007799499222465173 0.0015057674990041764 -0.05243298390541651 0.9986233097935442 0.013800501364440151 -0.9985282516518922 -0.05244880184623396 -0.026086017451131538 0.12711781380997808 0.09194230771146603 0.0 1.6886600000000003 0.0 1.6886600000000003 1.6886600000000003
0.9969804853682724 -0.07410070348338917 0.023216320511894706 -0.04213683269119178 -0.2651181186582962 0.9632947993682099 -0.06522575507879291 -0.9613643788399654 -0.26743995956485056 -0.014236181836708023 0.11910452723402531 0.0827664937027679 9.964988834099131e-10 1.6695398674734765 -5.314519491150804e-09 1.6693031793552553 1.666564467374342
0.9974314339135272 -0.06577874919138402 0.028349440841433315 -0.049472363501051275 -0.34644161021731745 0.9367660839076382 -0.05179787535048874 -0.9357624521559139 -0.3488059822370108 -0.016135245319697858 0.11996961166236353 0.07122378136375901 1.2241176960969824e-09 1.6632435190916706 -5.398909763698612e-09 1.663979736098388 1.6607936834628498
0.9993010105609951 0.034473589982314354 0.01445897249134509 -0.005371287419658699 -0.25035839125399484 0.968138329579078 0.036995128912190804 -0.9675392744082503 -0.2499982258223595 -0.03091040863286132 0.11540420457475074 0.0693933940142505 1.2488987621850356e-09 1.6807710762354207 -5.459105167915368e-09 1.6819808871804725 1.677533602862054
0.9997736133041537 -0.004746757216900715 0.02074103268114423 -0.021260448160943517 -0.26161613772045395 0.9649378165603357 0.0008458633177564204 -0.9651603311264694 -0.2616578294931978 -0.02473502625607024 0.1257922876521256 0.042939353772328936 1.475439326270589e-09 1.6613924830845184 -5.624469778808816e-09 1.6606980681464742 1.6561014249527748
0.9997776994948883 0.0037753080413438153 0.020743640999160415 -0.017827669555278758 -0.37391942243292076 0.9272898358796232 0.011257255035614672 -0.9274535096578286 -0.37376899501221234 -0.026600448727891364 0.1347675316889821 0.062118140785970666 1.937369376037168e-09 1.6449128633816867 -5.973067374043239e-09 1.6471689400296894 1.6398664174610813
0.998652919546577 -0.04354933204744313 0.028209962058107427 -0.04013231144780227 -0.3036603815742894 0.9519347510412748 -0.03288987471783546 -0.9517845493284596 -0.3049990619668633 -0.019370485302138002 0.1183039890466038 0.054852559721543334 2.4074457982692365e-09 1.6714783634564379 -6.020592913102973e-09 1.6718959528171338 1.669168263395889
0.997584367102242 0.06539672778383458 0.023424314469935703 0.006139658039737594 -0.4188958957647888 0.9080135093216235 0.06919346148571032 -0.9056762647362369 -0.41828551060375413 -0.035947774615725826 0.11513454326439307 0.06361741048736985 1.9284938090891046e-09 1.6605861283402552 -6.092824023085086e-09 1.6637341301923527 1.6555512097985021
0.9933239884183691 0.11500552081544821 0.009010228331793754 0.026228508220666386 -0.30121947339901506 0.9531940485555596 0.11233663422562556 -0.9465941891999905 -0.3022249519541206 -0.04187650813941403 0.1118977291222771 0.06523200000744389 1.5684475940247466e-09 1.6612506788460584 -6.3295706453914136e-09 1.665918529491571 1.6554706901059086
0.9943334663812482 -0.022891348806371926 -0.10381205991635101 0.05513495102046752 -0.7238833609967882 0.6877157965671316 -0.09089056502311825 -0.6895425047245589 -0.718519338200413 -0.007543312640208806 0.11694011193284673 0.11004587594509158 0.0 1.6681 0.0 1.6681 1.6681
0.9820266019461029 -0.1062491424093062 0.15599638716161768 -0.18721093119391222 -0.6534073273903077 0.7334922847270879 0.023996256201720485 -0.7495131648276382 -0.6615543782927894 -0.03016095301805219 0.06760662897362973 0.20708887537256904 1.5876704395623165e-09 1.7100535863014903 -6.80714684619943e-09 1.7144041604218856 1.7088835063487835
