0.991485091778613 0.13022014344060331 -0.00016438693314845833 0.00023846234554642982 -0.0005532550904985043 0.9999998185222408 0.1302200288606359 -0.991484951046214 -0.0005795967750221333 -0.036900259790127836 0.1784154246374133 -0.042527705867688184 2.1153705347387586e-06 1.4209262005298262 -4.333964298552928e-10 1.4209631866949852 1.4147158010093088
0.9919505686779875 0.1257812984358163 0.014599118576728312 -0.012718237067751843 -0.01574372160185261 0.9997951698603127 0.1259853790933921 -0.9919330623554815 -0.014017277223869256 -0.035017170006368774 0.18510748579869163 -0.04350175394467434 2.1159285870098188e-06 1.4219919193398027 -8.588330047132331e-10 1.4197011636883934 1.4126011664340652
0.9930236697948652 0.11765564254183274 0.007819271398722474 -0.0010133244061496724 -0.05779529011578651 0.9983279409162502 0.11791083241494947 -0.9913711990059526 -0.057272867753528356 -0.03367757060972252 0.18510510935823574 -0.04150511696318844 2.1161794236945752e-06 1.4232551975624022 -9.790044330770797e-10 1.4229327693350111 1.4146537507112482
0.9948590086886233 0.09806333432619761 0.025281125210675492 -0.02540070415248842 -2.905156574119371e-05 0.999677349640655 0.09803242861240977 -0.9951801754540908 0.0024619755315321724 -0.030386746614455288 0.18505136766409644 -0.04188870714554549 2.116626614423467e-06 1.4261454122856163 -1.6593526552810545e-09 1.4209488093040976 1.4156493011525804
0.995767371525812 0.08474978377329377 0.035564251081042636 -0.03955331555379585 0.04586364081200701 0.9981643460273307 0.0829631064586985 -0.9953461712398591 0.04902165200067724 -0.027728831403384717 0.18881255653200363 -0.0445428161724004 2.11712851250212e-06 1.4288416475707777 -2.6562521071582523e-09 1.4192607370693837 1.4144605581648806
0.9871966381748456 0.1587329961070388 -0.015704570136289106 -0.0023470128282056524 0.11290077923654854 0.9936034951521479 0.1594907179338881 -0.9808451712654057 0.11182781808776387 -0.0405472403902576 0.18920298202800456 -0.04742055124289825 2.1169426114298062e-06 1.4159276540875902 -2.850460312231462e-09 1.4134393039928321 1.4049762137814747
0.987097150322268 0.15823437998221415 0.024517275894801738 -0.04871152406658243 0.1508893295937927 0.9873497848472174 0.1525332857076393 -0.9758044328687895 0.15665026506473462 -0.042296512364888954 0.20601419652766734 -0.05134375289344073 2.1165561312486147e-06 1.4358158181626646 -2.5209550003069126e-09 1.4349836804002383 1.4278545294689788
0.9986050164308027 0.044880491393346336 0.027816589502094737 -0.03908315646411 0.27403899411619465 0.9609241055278956 0.0355039158409066 -0.9606707923092468 0.27541078548939557 -0.02072138206152295 0.21347997651869619 -0.05345676971721415 2.115965919813334e-06 1.4487412723703885 -1.7449428568738767e-09 1.4464861879378264 1.439417735245871
0.9982681503352677 0.04643853079453403 0.036113195425613365 -0.045849562544388225 0.22955935085231 0.9722141338464251 0.036858074294402 -0.9721861793370196 0.23129097488963374 -0.020940353346543397 0.2093746635606344 -0.06762874760717011 2.1157553922179773e-06 1.4386734349585772 -1.4915624291234053e-09 1.437092839829372 1.4297741973287659
0.9858617252185023 0.16585311604771907 0.023862159300033284 -0.04936063844207801 0.1513687988895425 0.9872441512084678 0.1601255323856529 -0.974464073539912 0.15741532091322033 -0.043076325126547764 0.20221201222731255 -0.07293229636648432 2.1159510206203436e-06 1.4291911424788086 -1.757725520690201e-09 1.4288944264848196 1.4213092996288648
0.9872930944492863 0.1585983936826507 0.009944605272992069 -0.020921928582399774 0.06769592537330191 0.9974866087282803 0.15752656460783257 -0.98501970092437 0.07015390390932695 -0.042571169538612494 0.20380415112617675 -0.07385565911629388 2.116245072514289e-06 1.4301150466369306 -2.0393882138591835e-09 1.4303143878707596 1.4222374521606271
