0.9998276751138505 0.01819531691880834 0.003681102913072666 -0.0026442154092343054 -0.0566855401054724 0.9983885804975037 0.018374661937082624 -0.9982262669280823 -0.0566276594388548 -0.027945567663082045 0.1413625959359762 0.02929199689084977 0.0 1.66019 0.0 1.66019 1.66019
0.9994584061283822 0.03279892461495524 0.002669262710213267 -0.0027943376201248968 0.0037681383422998663 0.9999889963448088 0.032788505555734114 -0.9994548672539124 0.0038577488106174805 -0.030601835282213295 0.1478560668433929 0.02092386079786096 -3.1728486504789544e-10 1.6473636456156333 -1.0228085045582702e-09 1.6455908837497732 1.6401930257527333
0.9996904295476355 0.02488060802227969 2.037904944669766e-05 -9.359874377370785e-05 0.0029416808110312503 0.9999956688672612 0.024880440312405022 -0.999686101663141 0.002943098947227078 -0.031154453724621684 0.1510643575063844 0.022445265645807594 -2.6923441254211866e-10 1.6098458961902402 -9.858700522613617e-10 1.6098340348427511 1.609843855591384
0.9990082752560571 0.04451336314053405 -0.0010131494643071041 0.0007794137372251017 0.005267953451809206 0.9999858204897987 0.04451806918706499 -0.9989948994706374 0.005228034765299286 -0.032887194880189714 0.1510501220712696 0.023108506501283266 -4.559961297445625e-10 1.6419125269592048 -8.801332995744815e-10 1.642435151198944 1.6360162546778216
0.9977063220356622 0.06766155568641521 0.002002211818346554 -0.0020450245097028263 0.0005634893839174841 0.9999977501747036 0.06766027523463165 -0.9977081719429828 0.0007005664604777962 -0.03872800291444775 0.15252635283359428 0.021310322420200895 0.0 1.61579 0.0 1.61579 1.61579
0.997417598002858 0.07145629459070467 0.0072203294644832845 -0.007477940729243222 0.0033382969627062 0.999966467525706 0.07142979488042214 -0.9974381453186735 0.003864022073643286 -0.038606543919598446 0.14984377178167466 0.022954982713463634 0.0 1.62489 0.0 1.62489 1.62489
0.9979391353686755 0.06403236700235497 0.0041639014992995455 -0.006431444993283525 0.035247216095397285 0.9993579290088325 0.0638444877410612 -0.9973251675023548 0.03558639700055902 -0.03633549500792618 0.14753960579063238 0.026654295902440672 -7.144844715867293e-10 1.6396798624043178 -5.152278603759441e-10 1.6386332997092818 1.633184218446516
0.9961301964935211 0.08787008078097157 0.001865619823122583 -0.002464031725442609 0.006702214725611827 0.9999745041076936 0.0878553366702041 -0.99610939621174 0.006892793138327 -0.040773453794164624 0.14817887216825387 0.025002794129056705 -6.92097046339768e-10 1.6305424511864892 -4.76105377344993e-10 1.6301736456521079 1.6273062026881755
0.9968983496543921 0.07849412197277418 -0.005687993677257107 0.003647898450716957 0.026109379144621563 0.9996524361784827 0.07861535023926641 -0.996572613077645 0.02574205839383916 -0.03963067066023319 0.15243583307065542 0.022393333953347166 0.0 1.6318 0.0 1.6318 1.6318
0.9965692222617363 0.07372038325440176 -0.03761768644484483 0.03330374073443164 0.058898164723923126 0.9977083075955855 0.07576705150480849 -0.9955382018209937 0.056240933680816146 -0.03844999107494462 0.15010587949780863 0.02077481113055671 -7.085807496309826e-10 1.617461610648041 -4.594227220877656e-10 1.6175181833667809 1.6174421945611641
