0.9999928761043612 0.003303109696694448 -0.0018268023591661037 0.0018285078096281918 -0.0005133704753784007 0.9999981965033463 0.0033021659131516157 -0.9999944129429359 -0.0005194065800571742 -0.015009661696478193 0.18499720321744062 -0.042438206595387065 2.11494509283483e-06 1.4269026870787433 -2.603339765983037e-10 1.4271340161925359 1.420669566944718
0.9998368581175543 -0.006627669706133103 0.016802712396629508 -0.016882547172367302 -0.012179505212973205 0.9997832961465899 -0.006421584741341814 -0.9999038622022789 -0.012289410172022161 -0.013123427480402256 0.18524761425540162 -0.04215322102733725 2.115731721374914e-06 1.432407309358588 -1.1195080418247016e-09 1.428646544941678 1.4224842391187158
0.9995193440014073 0.02957971091508016 -0.009280176139322823 0.01014592468954178 -0.02925388655716502 0.9995205202163159 0.029294046821678896 -0.9991342506507725 -0.029539939020391988 -0.01894766411761506 0.18725243933011568 -0.042080601482122934 2.1172106698941207e-06 1.4266213975699245 -2.6155237975444834e-09 1.429078923408003 1.418612916494979
