0.9997891285208141 0.003996690228624357 -0.02014261549072902 0.003557757986013294 -0.9997564541540005 -0.02178014544333401 -0.02022475833487008 0.021703890080726148 -0.999559853288266 -0.024422053130363212 -0.0002350840336733384 0.29868067909997853 1.238813829296248e-06 1.4270957437795548 1.360416668205744e-09 1.428686984493166 1.4192324013911346 1
0.9998125147449164 0.018981687727561463 -0.003825034700478621 0.018807562944370464 -0.9989686736052251 -0.04132632008189021 -0.00460553314395478 0.04124663242533433 -0.9991383809953601 -0.029381847859272114 -0.005316885126770199 0.2999032059312775 1.2385913459311837e-06 1.4279212525849347 1.129177640279977e-09 1.4304296418459028 1.4200048672862797 1
0.9992575899202136 0.0326680866229217 0.02042217185422368 0.0335754490141012 -0.9983866607325234 -0.04579044545385882 0.018893337723855277 0.04644213375544466 -0.9987422940888674 -0.0265211 8.00000000000245e-05 0.292007 0.0 1.44466 0.0 1.44466 1.44466 1
0.9978950680504258 0.06417274426075315 0.009343021710335549 0.06442457894989716 -0.9974788346381926 -0.029756479562635208 0.00740991145455152 0.030295764437905083 -0.9995135115991972 -0.02887994760616276 0.0018722206067207092 0.2906677344262474 1.238535044301159e-06 1.4137673991142448 1.5860850410831517e-09 1.4198880009061998 1.412516264185216 1
0.9984499636726689 0.05234349269386051 -0.018916363674179867 0.05192288673833496 -0.9984069412425712 -0.022081519680743556 -0.020042052659448344 0.021065100314520132 -0.999577199456818 -0.03464692879542747 0.003522819082504791 0.2928036915151214 1.2383542244975843e-06 1.4245518894844 1.7781669470195993e-09 1.4309066517172049 1.4207085129165016 1
0.9981340158664629 0.05714542684603789 -0.021514798648180955 0.056618570451855345 -0.9980989203639232 -0.024349181677404543 -0.022865341682903613 0.023085609347710378 -0.9994719759907073 -0.03845199523603151 -0.0008565700521172559 0.3059661372135333 1.2376995091045728e-06 1.4187702502344273 2.137787724620921e-09 1.4252953128580668 1.4156477839485868 1
0.9984655726661636 0.03613321126344631 -0.041962974682702575 0.035184055195445284 -0.9991128815698956 -0.02314156738649318 -0.042761927697822985 0.021629630715546248 -0.9988511283543084 -0.04203834349117092 0.0024581427450153237 0.3056188998574507 1.2366825661302983e-06 1.4265635214270045 2.800046416950863e-09 1.4287305686910692 1.420631311727762 1
0.9972037439216926 0.05608110251626269 -0.04939233795964435 0.05235997892863767 -0.9959082099193226 -0.07365643231845459 -0.05332096881295303 0.07086428829707456 -0.9960598008799458 -0.04220003115046893 -0.0012488646289630645 0.30635691912254714 1.2366853026080094e-06 1.4246441831445589 3.049225760776153e-09 1.4306348269606897 1.4195146003903885 1
0.9970070902094794 0.042271476923270435 -0.06473008814108328 0.0378579905502494 -0.996969884562601 -0.06795455707111356 -0.06740648799280542 0.06530062414678299 -0.9955863568081457 -0.044800854178321685 0.0016767359074927879 0.3093772790854691 1.236965005091406e-06 1.4231590827451166 3.3396787557649077e-09 1.4256803353173266 1.4158998950678887 1
0.9959568735459223 0.06550447735131142 -0.061474136704498035 0.060494113920478806 -0.9949494260430046 -0.08010057301712484 -0.06641060320165684 0.07605789284240752 -0.9948893550132925 -0.043363496069628416 -0.00413311652447701 0.30549003869445557 1.2369563267000672e-06 1.4218961235721634 3.664037073747295e-09 1.4247839191553826 1.4170681103729885 1
0.9946048920341519 0.07163977853102478 -0.07502566809938317 0.06716972000095038 -0.9959055521390022 -0.0605009085361803 -0.07905275110157146 0.0551350464834759 -0.9953445580262836 -0.0371868550953893 -0.003533614041457578 0.31344328082395956 1.2370639899117464e-06 1.4284689317224029 3.421584793272814e-09 1.4346102968716359 1.4242416842769847 1
0.9903169740734106 0.09584864362533453 -0.10042573563219419 0.09045150612889243 -0.9942686922890335 -0.05699379416103363 -0.1053129427045825 0.04735826273248369 -0.9933108169399256 -0.03791955522644592 -0.001511413111244586 0.31887929578127405 1.2373180684477347e-06 1.4337126478243025 3.1987852366910374e-09 1.4399297809982858 1.4312548070914275 1
0.9920380796932329 0.07382290575626789 -0.10203248024165758 0.07056373644443324 -0.9968861578177438 -0.035195844220262264 -0.10431302669160558 0.02771582466890698 -0.9941582497396272 -0.0401270052480134 -0.004939588910408299 0.32230663762335854 1.237469355430676e-06 1.4376017116953212 4.3846224428989444e-09 1.442590641716281 1.4360447505246992 1
0.9868632720939884 0.06294407728915155 -0.14879154991518878 0.053375551010698505 -0.9962937119678931 -0.06745287278938893 -0.15248584441269006 0.058624931790616855 -0.9865653473674688 -0.033560691313788436 -0.0040740782283071875 0.32734770185070416 1.2380296894320963e-06 1.4378641493444286 4.7166732741743544e-09 1.442800834394295 1.4361828333699096 1
0.9875782618849037 0.03720051448834855 -0.15266072963992658 0.027423718045873187 -0.9974653747912559 -0.0656564222378876 -0.15471624459290964 0.06065433054895175 -0.9860952975472124 -0.0344307 -0.0007169999999999677 0.33434299999999995 0.0 1.4545 0.0 1.4545 1.4545 1
0.9825646394882473 0.0455386331555486 -0.18025804314275332 0.036682220213889026 -0.9979645056010918 -0.052165700230593026 -0.18226668359168144 0.04464390720683743 -0.9822350928376553 -0.030272496895749363 0.007575099459235457 0.3371380224990034 1.2386020449284274e-06 1.437977850475388 5.7854645518773395e-09 1.442898926722254 1.4362596307892517 1
0.9827263337040733 0.030926256883938907 -0.18246237880642427 0.024624694599578376 -0.9990228231288716 -0.036701815806532805 -0.18341913057374343 0.03157476053381541 -0.982527585891004 -0.029905690302701845 0.0024529277893540757 0.34977720276564295 1.238888838628327e-06 1.438006437255546 6.300027166616928e-09 1.4429269070941544 1.4363770343750808 1
0.985363843095414 0.009675896623276146 -0.17018952301705273 0.008941519510254892 -0.9999471148782404 -0.005081011270482616 -0.17022968586320067 0.0034848918517959115 -0.9853982492270307 -0.03322343145260559 0.005013749377932086 0.35411381020624855 1.2392503387914644e-06 1.438006572978682 6.761335491489717e-09 1.44292704077444 1.4363771702028574 1
0.9882692458670559 0.0186481090682136 -0.15157884318578477 0.014456900865825198 -0.9994833593332819 -0.02870561675374876 -0.15203583686327518 0.026177517912082657 -0.9880282596491086 -0.03866103678793081 0.006836194288028119 0.35297851131084246 1.2395793520525444e-06 1.4380074185373246 7.237460408759944e-09 1.4429271744246774 1.4363803588253825 1
0.9933308344243504 0.01638133848454696 -0.11412933510398827 0.014137615762825633 -0.999691093445219 -0.02044126969747882 -0.11442893516225017 0.01869142679832287 -0.993255581087706 -0.04765567554386349 0.0012139353993488866 0.35950810770227704 1.2398571724858698e-06 1.4380080304017282 7.777823718413401e-09 1.4429273144793173 1.4363804944901695 1
0.9927147163035708 0.032818830590952724 -0.11593280982087538 0.034424154713825005 -0.9993368022649778 0.01187152943168358 -0.1154663137307135 -0.01577593095354552 -0.9931861106539848 -0.04904289255178651 0.0020688187895091525 0.3626179795471073 1.2402206692740947e-06 1.4380111876265893 8.217644342778385e-09 1.4429274463377917 1.436380641674388 1
0.992782533731594 0.029913440237544733 -0.1161379645535059 0.03176669922949082 -0.9993953001763216 0.01413898177179929 -0.11564479036056757 -0.01772625393688821 -0.9931324495674408 -0.050937038566590424 -0.0009997017762199967 0.36400241329862504 1.240419886805455e-06 1.438339716721683 8.82154527204193e-09 1.4432406120920946 1.4366323007609658 1
0.9901184266075599 0.030102756742409545 -0.13696468642930307 0.03151903299181582 -0.9994696538140762 0.008183010694815501 -0.1366457165498825 -0.01241914414434247 -0.9905421308593043 -0.05015810949135524 0.00567475468212858 0.36621613217714466 1.2415866263992825e-06 1.4386798851804627 1.0161374852657445e-08 1.4435562983394865 1.437288942542473 1
0.9899684832186602 0.027293117525659747 -0.13862715451698446 0.03080824804344808 -0.9992543048298664 0.0232741515736607 -0.13788855676320183 -0.027311536293494736 -0.990071121636749 -0.050572984345609556 0.011792279560803476 0.3796132444074001 1.2415805228371823e-06 1.4386799989462622 1.0917710291380445e-08 1.443556416762438 1.4372890534282243 1
0.986822977127225 0.057067816302375694 -0.15140566751690243 0.05736433318772417 -0.9983503964620334 -0.002412293934970791 -0.15129357253924658 -0.0063047780753355525 -0.9884687676814744 -0.04987803795165729 0.023809153674265504 0.3849761690647623 1.2416447230378935e-06 1.4386801142410794 1.1629418317227191e-08 1.4435565367918564 1.4372891658332163 1
0.9825944064355253 0.079226584699122 -0.16802196498830294 0.07622841064743056 -0.9967959416093618 -0.024229737953029372 -0.16940325218774385 0.010999957637128658 -0.9854854332156295 -0.04941261434156934 0.03125073338605566 0.3908234711741101 1.2417082624338605e-06 1.4387043359144087 1.2358190026873217e-08 1.4435687465070703 1.4373430630867192 1
0.9883542277039779 0.0737616817825052 -0.133098215165681 0.06984893278415301 -0.9969835298674545 -0.03383737226714228 -0.1351926298604637 0.024146541649825024 -0.990525061448606 -0.05758605149163419 0.028522907713807166 0.39101219536854415 1.2416857337882448e-06 1.4387044521102714 1.316287878694311e-08 1.4435688679805088 1.437343175677542 1
0.987374174369273 0.09551992520488096 -0.12636527876537307 0.08891636253045354 -0.9944115244171147 -0.05691748923470754 -0.13109584380501718 0.0449629180023276 -0.9903495422030378 -0.061215527727601804 0.03073550829882543 0.38830751213242176 1.2418149815118795e-06 1.4387045685550488 1.383912540120491e-08 1.4435689894779458 1.4373432884085453 1
0.9996964928724992 -0.018060126722912934 -0.016755714284311676 -0.018503540487384753 -0.9994723041515176 -0.02669704522017778 -0.016264720343641736 0.026998982514325056 -0.9995031334694926 -0.012672761465932646 0.007404856265534887 0.2942854800246363 0.009480258331631575 1.4100083133058758 -0.009682617124982862 1.4059745315522454 1.4043666268159365 1
0.9996190101934099 -0.02741882738653817 -0.003168969027093668 -0.027449654193569664 -0.9995718361930785 -0.010132165328833365 -0.002889800097047862 0.01021529218106825 -0.999943646842688 -0.01575108351197118 -0.0011542417040088515 0.30034696627786106 0.008106223679325453 1.427261400383653 -0.00862520896574459 1.4217918592364605 1.4159060940371306 1
0.9998118391386133 -0.005753737147468307 -0.018525140407064513 -0.005963122357119788 -0.999918739788457 -0.01126743056858981 -0.018458805216417157 0.01137577815807856 -0.9997649044556828 -0.014266246175323485 0.004502517962944708 0.2970472833687122 0.008084427678963557 1.4277462874343776 -0.00858603854569484 1.429313709019409 1.4207829430822203 1
0.9995940636441454 0.01092023248813316 -0.02631456725445875 0.011420832678457917 -0.999755218304678 0.018949091099482382 -0.026101197449829378 -0.019241933244113905 -0.9994740994626694 -0.013652792065021565 0.0005750020563844993 0.30614294609376136 0.008080027393706501 1.4257908040634328 -0.008585701573508686 1.4293435398103336 1.419310251604176 1
0.9990991003923397 0.036672639606487534 -0.021356617230031908 0.03737511940792198 -0.9987403257685347 0.03347927915897904 -0.02010194131075374 -0.0342473238086417 -0.9992112052851915 -0.010289583140900437 0.005054215426990305 0.30257484225235043 0.008079718246109202 1.419719112074464 -0.008576148907495806 1.429500209272173 1.4165134924200515 1
0.999003143298447 0.025741644005352896 -0.03647036390995234 0.026143963494562633 -0.9996020115907552 0.010597716570593002 -0.036183046480605406 -0.011540632028503653 -0.999278540227781 -0.003836474317667704 -0.0006653277443017247 0.3051322175110538 0.0080794014418748 1.4222630185352498 -0.008575812358533774 1.4291310721486203 1.4175333219768165 1
0.9973064215781617 0.05279625927203478 -0.05091617116243367 0.052377820697218753 -0.9985819737066534 -0.009518701966900104 -0.05134652254994648 0.006826184512943301 -0.9986575678514749 -0.005656506350372383 -0.002104656410024275 0.3086097323913438 0.007965345241622401 1.4179162208970908 -0.008471035812896766 1.4265106606759508 1.4148051167187674 1
0.9978155376722458 0.03484437748475547 -0.056125058018205026 0.034599063588179435 -0.9993870231234979 -0.005336929002167838 -0.0562766166242084 0.003383396230554567 -0.9984094826529237 -0.004288847757943796 -0.003031748682877089 0.3135253311330104 0.007906419975430623 1.4286398487098033 -0.008439835145857444 1.433294577099983 1.4227038606142237 1
0.9972104393518906 0.06587966421817706 -0.0350885948722622 0.06494904327220655 -0.9975223326954576 -0.027033637414112355 -0.03678262396342253 0.024679254776287202 -0.9990185048126249 -0.010827909674952469 -0.0036278144708661864 0.3101103563462595 0.007805655753521101 1.4167535319163962 -0.008333569535702523 1.4276219616821262 1.4144517574107587 1
0.9978256938517143 0.062036621049584614 -0.02225628760811816 0.06150291299983801 -0.9978203998172117 -0.023913205580892324 -0.023691272272281946 0.022492384430511103 -0.9994662656942207 -0.010583824293198627 -0.003113177152347768 0.3017142106181828 0.007805345796909613 1.4185917947495161 -0.00833323853655532 1.4289045130200035 1.415987998274372 1
0.9975968828607619 0.06471648733699262 -0.024743394537780534 0.06381012766470819 -0.997319149909874 -0.03581592984217699 -0.026994942376397768 0.03415098080300148 -0.9990520424864201 -0.011523190161814802 0.003490513447682808 0.2936078811697188 0.006914598152531148 1.4171044365950225 -0.0077088346492679705 1.4267153039419167 1.4148039882558647 1
0.9971344623067239 0.0637264240661861 -0.04076526653926566 0.06204255868083553 -0.9972178844602541 -0.04131841992320671 -0.043284928007515905 0.038670838992087855 -0.9983140694285703 -0.008119643867562913 0.005062836144449412 0.2860591195334268 0.006914333821060659 1.3728028225322353 -0.007708539269655645 1.3762795727494703 1.3664730712995103 1
0.995861595730733 0.07212505124652764 -0.055296104124287315 0.06756978835132894 -0.9944827128480397 -0.08023999967946273 -0.060778333728351536 0.07617158806989212 -0.9952406157910337 -0.006135467793809963 -0.0035590235899553013 0.2840537016507688 0.006914059249886861 1.3561237792699057 -0.007708232354849187 1.365143922398599 1.3501672294548142 1
0.9964867020772399 0.08374748239618829 0.0007821608058106176 0.08367901064058286 -0.995197635147191 -0.05078868157032401 -0.003475019631488775 0.050675696243255346 -0.9987091158334452 -0.013577385214133006 -0.006542045179333433 0.27967654461270697 0.006913794459479483 1.3320694792232093 -0.007707936890161804 1.3353967886602724 1.3266568194338317 1
0.9966676670075274 0.08155064752726839 -0.001747406551315219 0.08125986176932988 -0.9945224872395456 -0.06574083388653681 -0.0070990426820623535 0.06537976952200936 -0.9978352014888267 -0.012665864244128723 0.0002576195761115341 0.2816408645151717 0.006620000534357295 1.3390728720080771 -0.007501963816485713 1.345307890406346 1.3348974410796597 1
0.9971092666891666 0.07097478083931892 -0.027123620101364928 0.06871123897815688 -0.9946732237591861 -0.07683712367465712 -0.03243263665937655 0.07475131049900453 -0.9966746538655442 -0.01751897919341945 -0.002980606061182889 0.28642932826590295 0.006619784438316678 1.3670621275958812 -0.00750170965732444 1.371821536782642 1.3609742999012786 1
0.9978827114058721 0.044672561617143176 -0.047270038246518396 0.03968398225821247 -0.9940267507788145 -0.10166612163470348 -0.05152936861047924 0.09957500175583726 -0.9936948944197763 -0.014121358785357545 -0.007449954624842603 0.2852204437707705 0.006619560019449189 1.3716963108875566 -0.007501449183665798 1.3768452276607386 1.3630396979450001 1
0.9982850456087592 0.043578018122532376 -0.03908866907979485 0.03970343602195298 -0.9946904062818066 -0.09494542021069374 -0.043018657370589304 0.0932306386733823 -0.99471475465612 -0.006072515112026588 -0.0018397229858332365 0.2859842814940916 0.00661001722739929 1.3683712837775763 -0.007494029391910573 1.3674734103002093 1.3601627072958289 1
0.9976735452739668 0.0532146975389613 -0.0426109496058353 0.049048377334291494 -0.9944126414633251 -0.09347596043264592 -0.047347161914386475 0.0911684949078874 -0.9947092800385867 -0.0009234944613388413 -0.002763116291815526 0.2825226119280808 0.006609758247557274 1.3419496520801841 -0.007493733453100226 1.345997849547702 1.3360451946617538 1
0.9980552916531327 0.04326945758404584 -0.04487080168174742 0.03889363753723262 -0.9947945536730349 -0.09418641590797343 -0.048712624260068546 0.09225806210218075 -0.9945428750007953 0.00019747554577676665 -0.006225216734721428 0.2885142075320938 0.006597237224280406 1.4213996928441501 -0.007492273570912644 1.4213107338616995 1.4085876588169572 1
0.9964855442757166 0.04517585328845046 -0.07053865840225149 0.03723554267643994 -0.9932246933711811 -0.11008279992494013 -0.07503382178138165 0.10706937357332293 -0.9914161965751297 0.003051836436578151 -0.0017612282844581828 0.2920620917839051 0.0065970821673868585 1.4267955953502414 -0.0074920892096246305 1.4257698044781737 1.4174900638216394 1
0.9956223830864104 0.04579925319802445 -0.08147698266283816 0.037376147155900694 -0.9940760070186198 -0.10205839452831597 -0.0856685118413857 0.09856632628043 -0.9914361227040611 0.0011305129490325207 0.00037873126918208655 0.2879882626786847 0.006596854332426183 1.418028985910297 -0.007491826977132909 1.4218014498665905 1.4064111268603021 1
0.9927797324269145 0.07398130537739638 -0.09442017441733733 0.06348980300614569 -0.9919399553078662 -0.1096547763577547 -0.10177154708750769 0.1028683212582222 -0.9894749419186573 0.0009018178436396372 0.005328847562936168 0.2920600382932026 0.006596707565863724 1.4214730356870797 -0.007491648088003622 1.4253155864987024 1.4134775234547607 1
0.9901374069725202 0.08763578541945108 -0.10930637871437181 0.07565742244262352 -0.9911257071275116 -0.10929678449217269 -0.11791467144962138 0.09994899591744762 -0.9879809352776104 0.002846754544602721 0.0037531833306365114 0.28900002092097266 0.006596480804117455 1.4173747990184333 -0.007491384925290667 1.4245440569004648 1.4087390460539169 1
0.9929167935456552 0.08137641379052805 -0.08656858768403017 0.07220211894316002 -0.9919224151810707 -0.10429178434310814 -0.09435621397201477 0.09730262863841017 -0.9907719734353224 -0.006518545804409794 0.004836408163158723 0.2962806695798079 0.006596228889153899 1.4229042550556201 -0.007491097719678486 1.4204496812728786 1.4134311718762183 1
0.9927996655668402 0.07568591217828209 -0.09284646868950679 0.06918069690823667 -0.9950463944176089 -0.07139120486311196 -0.0977898523654724 0.06445398090310248 -0.9931177317519214 -0.010450907121830735 0.012471833242017671 0.2909468845562534 0.006595969990346617 1.4273400127462095 -0.007490801369168132 1.423367522188972 1.4170888157827042 1
0.9931257913139921 0.08589916127748536 -0.07951412905126624 0.08237125583487243 -0.9955098205109213 -0.04663875511309626 -0.08316332628714929 0.03976847191102431 -0.9957421000453476 -0.01998627757377579 0.009703257922536068 0.2937308309014256 0.0065957193862331565 1.4013320443530963 -0.007490514008431148 1.4128154310069592 1.3971323769379511 1
0.9944527944730579 0.08909805055696851 -0.05590328211897623 0.08657906035937554 -0.995183602874769 -0.045974589465065725 -0.059730276008181725 0.040879505331420166 -0.9973771403896546 -0.01328302059926157 0.016113241381815246 0.30696064538529244 0.006595458184730951 1.441594445458695 -0.007490217131507215 1.430147099805322 1.430455191189063 1
0.9956651844537023 0.07153421553511173 -0.059444902847520215 0.07042594118742751 -0.997305581103684 -0.020536910851156123 -0.06075382518525016 0.016261423898893797 -0.9980203098224707 -0.010071984084693538 0.013984260488284994 0.3143091714449022 0.006573092977649964 1.4220760455572625 -0.007478693838388395 1.434190973698553 1.4203063753501812 1
0.9965565555204646 0.07186861810029799 -0.041351340746590186 0.07117351785606217 -0.997300709730435 -0.01804507487275852 -0.04253659606950102 0.015039817270305568 -0.9989817024807292 -0.02089195351755572 0.0055845875428507386 0.31461416580653967 0.006572826489163575 1.4125714344246498 -0.007478388951414061 1.4288819738524845 1.4130320876643703 1
0.9943286932616378 0.09290754713995449 -0.05175555468779106 0.09211507283975348 -0.9955946212760238 -0.01749752673886947 -0.053153204158646015 0.012630826207642925 -0.9985064842638638 -0.020033216637658967 -0.0012666154496027704 0.3119747017208335 0.006572559968351044 1.4043631514039214 -0.007478085476959606 1.4199556369834996 1.4049192893563092 1
0.9927296840054814 0.10546801997182538 -0.05800233838044503 0.10355455824406205 -0.9940053372087225 -0.035069118429911256 -0.061353304403708876 0.028807748329167014 -0.9977002985240354 -0.01894885410072627 -0.003701962429774719 0.3250320868908262 0.006572291250822815 1.4317932595577068 -0.0074777790305144975 1.4442968851316929 1.4297650670727506 1
0.9931817959167388 0.1005990178511456 -0.05890465063971058 0.09858697184616581 -0.9944723793136029 -0.03612887715588517 -0.062213577632256246 0.03007531196391189 -0.9976096162169191 -0.017372252786045272 -0.0062002213660108385 0.33178768523544333 0.006572026506816542 1.4476438092346982 -0.00747747742129512 1.4521296673044768 1.4412978873667184 1
0.9932751676434399 0.09802631679690738 -0.06160586464070489 0.09589379933174576 -0.9947157046312628 -0.036674871637855634 -0.06487542364115531 0.030520618852878243 -0.9974265242273328 -0.01611089255948284 -0.005150102038409987 0.3152696650406037 0.006571767024769137 1.4290874592280174 -0.007477181979232306 1.4341028274304328 1.4245224346795782 1
0.9950767754567549 0.0852502054725529 -0.05054318364996779 0.08374666533379219 -0.9959998342228983 -0.031158085201579196 -0.05299723570203136 0.02677186386575601 -0.9982357238213311 -0.017362021714455778 -0.004274223634246954 0.3119382231744626 0.006571510830341687 1.429720771331171 -0.007476890394895186 1.4303237463535075 1.4227212910489238 1
0.9933317395387813 0.09895151085333526 -0.05916632255515813 0.09596158716066128 -0.9940565588981112 -0.051409449532676926 -0.06390171370523286 0.045388943714172555 -0.9969234748836272 -0.02065506713002043 -0.004644486061584574 0.3138586325530547 0.006571249252059097 1.426892345893255 -0.007474935665436888 1.428795090109701 1.4207432107398494 1
0.9947505842303518 0.09004405312386798 -0.04861423320798111 0.08746045739585159 -0.9947630049489082 -0.052888868177782614 -0.053121968765119806 0.04835940944681268 -0.9974163744156567 -0.020629353038483542 -0.001607389510013102 0.3149677826352345 0.006570986156869019 1.4355050391221384 -0.007474636356196385 1.4346356963906075 1.4290776446159805 1
0.99428362758598 0.09284855590408744 -0.05271824713502633 0.0899233574465134 -0.9944073356545963 -0.05538809061408022 -0.057566115901724176 0.05033086987975205 -0.9970721868737171 -0.020881434670732557 -0.007136761965588212 0.31601067565887997 0.006503016661759453 1.437630929358252 -0.007382506853111259 1.4347130986916197 1.430358676898563 1
0.9945756761927866 0.0807816729735231 -0.06552515270688027 0.0777463702375998 -0.9958350527378005 -0.0476240449099005 -0.0690993939230965 0.04227137388707555 -0.9967138028085893 -0.015454857696539842 -0.012669626112841614 0.32299512874456104 0.006215665490182154 1.4405029534010083 -0.007226564703257665 1.437330579560494 1.4301281824254417 1
0.9943193871109728 0.06420599946769395 -0.0848913779344745 0.05892103381713472 -0.9962497540892905 -0.06336197006839434 -0.08864123300800462 0.058000147494489326 -0.9943735287614198 -0.01435452266203436 -0.01014695555054479 0.3311997616232135 0.006215422313071706 1.4530188327806304 -0.007226282254636729 1.4452292327807887 1.441285766603035 1
0.994587409053602 0.02315295925746567 -0.1012908003209833 0.01719280632136297 -0.9980906954664437 -0.05932428705097853 -0.10247093813779239 0.057261715839930366 -0.9930865031487579 -0.018600216007227617 -0.013281485260093429 0.3303740279015256 0.0062151688944691585 1.448700319006627 -0.007225987882431895 1.4354266713797443 1.434730037022832 1
0.9942571716882012 0.04338980474266304 -0.09782638392055851 0.040132260508638946 -0.9985803007956607 -0.03502548399828901 -0.09920724879284615 0.030898344733031196 -0.9945869565199984 -0.02139556378130761 -0.013892361035705958 0.3216167112659928 0.006214917186038171 1.4341838735871777 -0.007225694825461204 1.4395676459244848 1.4313276591535242 1
0.9928074842182388 0.05043412571931321 -0.10858037687897319 0.04590979892160509 -0.997986049948366 -0.043773673268702164 -0.11056938836418122 0.038473927163545606 -0.9931234401046957 -0.018810851765294 -0.010620561620656499 0.3287601397445534 0.006189215250327784 1.44264763597993 -0.0072042304027712945 1.4488101324898448 1.4390739990222805 1
0.9959603515017229 0.03251163679231827 -0.08370168283642129 0.029649527724017036 -0.9989399006200131 -0.03521335620217388 -0.08475779458142614 0.03258939125486712 -0.9958684892270314 -0.0205065977865329 -0.006914538706079165 0.3232876495319411 0.006188970778540082 1.4419408967344545 -0.007203945704915782 1.440079211798298 1.433146838737712 1
0.9925722894334125 0.07456501390690388 -0.09612652573549761 0.07211238244912176 -0.9969821867871012 -0.028745843642538068 -0.09797986806699452 0.021600415048625362 -0.9949539524637819 -0.015976136029013016 0.0006139802096551406 0.33039853923042817 0.006188727609202083 1.4455992388437888 -0.0072036623147955225 1.4505944421989492 1.4412896501264978 1
0.9934845687439421 0.07079255228271805 -0.08931307971938998 0.07008191989719194 -0.9974797968709788 -0.011071555344875483 -0.08987177627702177 0.004740187288462498 -0.9959420638035543 -0.02984642408407893 -0.0035566203429617804 0.326105242443648 0.006188464848453812 1.4413315198061527 -0.007203355929350508 1.4447683540000584 1.436095055916419 1
0.9936013182121717 0.053291390697840786 -0.09958136434356034 0.052398233986320236 -0.9985593000062407 -0.011565009561669719 -0.10005421291554722 0.006273121116060523 -0.9949622115584661 -0.023241935342655166 -0.002322232783732614 0.3340146252607201 0.006188212393065662 1.45162894685203 -0.007203061887558704 1.449320500065384 1.4425599734033918 1
0.9937588968416691 0.05569746785166228 -0.09664909219926539 0.054457168472694974 -0.998396946401601 -0.015425764742630695 -0.09735333456007335 0.010066255056947365 -0.9951989744564466 -0.028642326906108854 -0.000597403736987967 0.33396639503810577 0.006177769412513356 1.4525911892464212 -0.007202755090878199 1.4480265603352889 1.4421103821780008 1
0.9968554094088766 0.03838727101263685 -0.06932322955880997 0.037159500821410556 -0.9991303221967807 -0.018914829252753108 -0.06998902936149838 0.016279333252918762 -0.9974149182150204 -0.030522814634238993 -8.900067898670594e-05 0.32880127626421485 0.006177476074113564 1.45115976886472 -0.0072024132435100086 1.4472991576952179 1.440799371323278 1
0.9980467947375056 0.015086011667720972 -0.0606218423190245 0.013873088686374505 -0.9996960632152062 -0.020379367073547167 -0.06091086048063409 0.01949854979170957 -0.9979527411814294 -0.028997358909065095 -0.0015527890198265282 0.32006068050574 0.006177226871864505 1.442204511829468 -0.007202123149473216 1.4309556069036562 1.4288564269014996 1
0.9985981782354009 0.023445277818066428 -0.04745521439180541 0.021655003280640996 -0.9990470814766003 -0.03789445640199539 -0.048298439497088945 0.036813692304915345 -0.9981543031019929 -0.022995070625983074 0.0008856887753483922 0.31821911395637137 0.006176989886744977 1.4387106405056267 -0.007201847444600062 1.430853482196646 1.4271503785406834 1
0.9981459894592498 0.041264118135147895 -0.04474210858848352 0.03928049038859407 -0.9982438400829216 -0.044342742487738916 -0.04649329845522536 0.042503038609385514 -0.9980139602769705 -0.024075349138752755 0.004546177657824446 0.3222541374175891 0.006176831427226581 1.4415086301838889 -0.007201666107658156 1.4353249996639859 1.432944058838359 1
0.9990184592252689 0.015748190558543998 -0.041401843211403236 0.014985931658477966 -0.9997136172767459 -0.01865757979405429 -0.04168380956075462 0.018018821425827516 -0.9989683589057898 -0.025126440596934765 0.004841818466820136 0.3299226355388388 0.006176672112723658 1.441520303988848 -0.007201483476549697 1.4354226878440386 1.4329700885907952 1
0.9986271986367622 0.010545708772491714 -0.05130795425056858 0.010239075340939928 -0.9999281372275465 -0.00623552057261565 -0.0513700251027309 0.005701614432311994 -0.9986634128242657 -0.024478389788606555 0.0067767034109013635 0.33715440170947886 0.006176512164618231 1.4417210697438936 -0.007201300187062998 1.4355756331463008 1.4330920936614415 1
0.9986318477328653 0.011829339376171262 -0.05093622898847913 0.011129738140442207 -0.9998400984884641 -0.013996656154366073 -0.05109365540425351 0.013410599707012798 -0.9986038224405761 -0.025800474276092077 0.001973380998502916 0.34491205843499306 0.0061763520261619576 1.4417910179218163 -0.007201116692381326 1.4356016139429162 1.433169644735706 1
0.9987867671536181 -0.004678808370103525 -0.04902144949978537 -0.005062848494381027 -0.9999574385723223 -0.007712885906272125 -0.04898327596177191 0.007951716551542603 -0.9987679454607746 -0.02719462978855194 0.0012375799336941107 0.35021273083921756 0.006176195434993481 1.4417912552530936 -0.00720093755187623 1.4356562537425361 1.4332052842824528 1
0.9998075569891661 0.013958078342391824 -0.013784811799326863 0.014200438557328996 -0.9997435002740209 0.01764316311289322 -0.013535011345940304 -0.017835518182443826 -0.9997493174586463 -0.03562805144957986 0.00254601007804367 0.35576861243887525 0.006176036357522285 1.4418002274901411 -0.007200755661067149 1.4356680955238064 1.43322151317978 1
0.9995481463532779 0.028220004053818484 -0.010350579352301688 0.028352393759330127 -0.9995150710394918 0.012874957593549206 -0.00998222870113302 -0.01316260369844282 -0.9998635411765128 -0.03777815921704059 0.0015401323577569626 0.3567148070695374 0.006175877333921775 1.44181106649141 -0.007200573830924206 1.4356703842802343 1.433224286964088 1
0.9982614102720004 0.057794265349707004 -0.011574958075277695 0.05793663454448261 -0.9982436594090419 0.012367005591643596 -0.010839886503826687 -0.013016118558630921 -0.9998565284670856 -0.040154208440839764 0.009143005945240701 0.3586175819167724 0.006175717013025661 1.4418282217900122 -0.007200390521929556 1.435671924598334 1.4332255337763868 1
0.9988547650565524 0.04776092923623962 -0.002837597982531426 0.04781220405079986 -0.9986104818951708 0.022160744412122742 -0.0017752373430706847 -0.022271036967004096 -0.9997503935707103 -0.044220234740999786 0.019412202730617 0.3655475129273733 0.006175556666079274 1.4418303715976917 -0.007200207188185814 1.435674375236533 1.4332355743833274 1
0.9988366791605491 0.04603541234758614 0.01435371636594903 0.04575851916164965 -0.9987707429226332 0.019056783724024327 0.015213358855273902 -0.018377809765013096 -0.9997153644015789 -0.0485843407916349 0.022364568025191267 0.37021539392411507 0.006175397547528938 1.441841193706237 -0.007200025257025899 1.4356794935728505 1.4332376647895053 1
0.9987456599396268 0.016369298724728667 0.047319687351246975 0.014330313691534018 -0.9989674550288791 0.04311224771021019 0.04797654490750036 -0.04238006432728586 -0.9979489873166631 -0.05549452948941293 0.019675334561006286 0.3745860249701499 0.006175237226345942 1.4418783982923786 -0.007199841942436613 1.4356881665735033 1.4332456776990403 1
0.9980135032527303 -0.006158932875942133 0.0626986034217853 -0.007655852454612807 -0.9996906851707532 0.0236626690384522 0.06253347302370041 -0.024095674480283064 -0.9977519547577617 -0.05948103575839268 0.01914878159867356 0.3770359818530684 0.006175076884286312 1.4418801276032314 -0.007199658605434145 1.4356884096497167 1.433245914529345 1
0.996397136741827 0.016771146690454073 0.08313527850062327 0.01538410265722952 -0.9997320386161078 0.017296830632026295 0.08340308914015562 -0.015955550857568373 -0.9963881498285247 -0.06446649667563309 0.023703589698387095 0.37953523545497236 0.006174917801325286 1.441882936153676 -0.0071994767375178625 1.4356953369188004 1.4332480690252973 1
0.995455544548109 0.004003705787411099 0.09514320347978342 -0.0011192253624776457 -0.9985548647300186 0.053730154090623636 0.0952208284096269 -0.05359246648533751 -0.994012495581923 -0.06973303857959613 0.029233943359050385 0.3954973567967589 0.006174757485895022 1.4418831756565238 -0.00719929343601855 1.435695580076879 1.4332483060030308 1
0.9933770937414012 0.026531360593561322 0.11179461764746033 0.019312673611782318 -0.9976875143468656 0.06516628234246222 0.11326504433342265 -0.0625756392011073 -0.991592314971592 -0.07675807236015866 0.026725437009839315 0.40278344307467295 0.006174597153002281 1.4418834152787374 -0.007199110078517812 1.4356968612913628 1.4332502591246365 1
0.9921150258924303 0.05831354820933914 0.11093829588424181 0.053684330355957495 -0.997576167631758 0.04426943016763398 0.11325090760208026 -0.037964718731628724 -0.9928408291659512 -0.0791505405238348 0.02934740633680699 0.4031135343537726 0.0061744368713752 1.4418844873441072 -0.007198926787500781 1.4356971042670885 1.4332504958578944 1
0.9908358168356256 0.07589344995946179 0.11173436503121692 0.0717562996568093 -0.996595560414551 0.04059953720880375 0.1144352110813833 -0.03220983103429013 -0.9929084092953899 -0.08098627091502746 0.031907595667902966 0.40331634470973954 0.006174276539380408 1.4418862293455872 -0.007198743433743715 1.4356973471220495 1.4332507324078545 1
0.9879756726648422 0.10817535406567486 0.11046340115720912 0.10279386590619018 -0.9932726327217918 0.05331883548972766 0.11548805719429528 -0.0413227523125739 -0.9924489602930726 -0.0828082756880849 0.036128091500387094 0.4019821720273514 0.006174116267134266 1.4418866425243042 -0.007198560146991717 1.435697590155124 1.4332509692433577 1
0.9998518122746 -0.017134283534296028 0.0016642773099442595 -0.017057836804313154 -0.9991179366001464 -0.03837159062931132 0.0023202790253465076 0.03833751545982583 -0.9992621533980021 -0.01469319441061509 -0.0031128911685739946 0.2877367704997623 0.009504250368846279 1.4201753501631655 -0.009629946187316385 1.415342588605748 1.4088959953300444 1
0.999890485564507 0.0035975100213775095 0.01435530561222861 0.004341581672263726 -0.9986302079249261 -0.052142674350302995 0.014148058034849077 0.05219928870650222 -0.9985364623850136 -0.009744039195923187 -0.0029953747841252043 0.2961692989324667 0.009465740995317162 1.4235629393441522 -0.00958255213523973 1.4265935198572732 1.417427433663848 1
0.9999874747986424 -0.004784372970076639 0.0014697010301244395 -0.0047355028497694275 -0.9994885211294284 -0.031627063462609455 0.0016202649766548808 0.031619707553854765 -0.9994986587462809 -0.017948581110116428 0.00681604337135705 0.2963436391026506 0.0078053220317775285 1.4288829150781943 -0.008489663687093696 1.4297204303620186 1.4216473533519798 1
0.9997896180973744 0.019526677004453746 0.006279206149664434 0.01961553605219941 -0.999703666285167 -0.014415629066405528 0.005995856076584186 0.01453576627354293 -0.9998763729625527 -0.004179879003832651 -0.007012913853456149 0.2921124229883829 0.009068486883939464 1.4284331597833262 -0.009286986139905196 1.4300038728082312 1.4234083267751814 1
0.9995039927699072 -0.030415410244338314 0.008165246884314635 -0.029762275739722687 -0.997046675897122 -0.07079641957960732 0.010294434409229303 0.07051828771437726 -0.997457365363566 -0.01948975511831283 0.006444388911579557 0.2907955870519977 0.009020874271362445 1.4256939481367166 -0.009136803382153502 1.42034143647901 1.4157744050976673 1
0.9996762372735503 -0.00948853253155387 0.02360907412403351 -0.008715387930380502 -0.9994292417820757 -0.03263790256937468 0.023905284851250833 0.03242157339338516 -0.9991883600877653 -0.015344634764211761 0.011222394534648406 0.2928440947553419 0.007805021315902216 1.4275979029410353 -0.008489335986465285 1.4268635028382253 1.4213662189144962 1
0.9998851482002158 0.015144515290245292 0.0005779837851355978 0.015153935983524432 -0.9996069062081855 -0.023587947878256466 0.00022052854599012757 0.023593997489268895 -0.9997215985711406 -0.011243515552012884 -0.014186464535940357 0.29202866682513273 0.008361116785542855 1.4251207774208652 -0.008816538334817992 1.4233544548180932 1.4186777034222224 1
0.9994633962181142 -0.03226782727546585 0.005630891854182232 -0.03182520954809168 -0.9973007123274625 -0.06616982112984544 0.00775084881628117 0.06595510984037849 -0.9977924873582535 -0.018233686897972074 0.009135029724170407 0.30021559620746496 0.007804700428742706 1.4322287461127932 -0.00848898662334907 1.4239184893904033 1.4204545729416713 1
0.9989146869507004 -0.03337572488225655 0.03248860081271843 -0.030664171432370033 -0.9962703220880186 -0.08065453438587314 0.03505933234604545 0.07957076294229994 -0.9962124958562957 -0.01961574574153553 -0.0013079247234659142 0.2825006536876714 0.008911882534911264 1.3864608758164563 -0.009123722672168988 1.3748719344468947 1.3708503012134452 1
0.9997359924590258 -0.014287111912543957 0.01799510531131181 -0.013109694771903225 -0.9978682906523118 -0.06392973027958808 0.018870116188150276 0.06367694201068227 -0.9977921455750259 -0.013667467936696527 0.009002349564923462 0.303726526462025 0.007804379069115797 1.4340657829918237 -0.008488636284466722 1.4298937183865776 1.423373261455862 1
0.999635286907889 0.01984586654493601 -0.018314877822764974 0.01955937204105807 -0.9996855547001338 -0.015691484609345066 -0.01862052990496496 0.015327534210251396 -0.99970912897757 -0.010225506869682308 -0.004568691961758853 0.28548773140155914 0.007989130425409385 1.37912140861636 -0.00856135653007506 1.3809283500744947 1.3688704684722754 1
0.9979400176782192 -0.04339121526226416 0.04725382052764996 -0.03958561948884681 -0.9961127653178589 -0.0786914067766768 0.05048464960836838 0.07665873211103898 -0.9957784587673346 -0.018983902140587247 -0.005159608632788526 0.29755010328162457 0.008414791835113178 1.4194973975128589 -0.008818085073485804 1.4191148327566276 1.4118335080405977 1
0.9997016824654453 -0.007725125720494529 0.023170423137274573 -0.007095485196002334 -0.999606608667018 -0.027134516746320007 0.02337092564686103 0.02696201664982727 -0.9993632220031831 -0.009880688630963752 0.0057339642566753835 0.30791100934804316 0.007804061843713406 1.4320485669789846 -0.008488290947743948 1.4325333656146464 1.425624410118628 1
0.9995890600721615 0.018135505735238314 -0.022199423771348082 0.01748361827101938 -0.9994202331955652 -0.029215074387638935 -0.022716383431480313 0.028814942496023434 -0.9993266057764822 0.00447517 -0.012858999999999954 0.29110800000000003 7.000350394035504e-06 1.43993 -7.381760393945786e-06 1.43993 1.43993 1
0.9980647935517104 -0.0380658205953209 0.049169718069015045 -0.034731546639397454 -0.9971501599247502 -0.06697221983838038 0.05157894474121141 0.06513487441033286 -0.9965425533287242 -0.01631170546400855 -0.0138063417869555 0.2879640156864949 0.007061992084442359 1.425782005488177 -0.007859533434438681 1.4159603091618695 1.4140719161423858 1
0.9993129983758153 -0.005656859829586934 -0.036626919253549106 -0.0059090844725528365 -0.9999595445989561 -0.00678173179538709 -0.03658707419067334 0.006993504294467468 -0.9993059976302802 0.00362796 -0.014546999999999977 0.29562599999999994 7.000350394035504e-06 1.44667 -7.381760393945786e-06 1.44667 1.44667 1
0.9998154106798907 0.010805324581957477 0.01588677209756612 0.011672701681597945 -0.9983871852737595 -0.05555876453442918 0.015260819193407684 0.05573395053123608 -0.998329020992442 -0.010054449824613437 0.006690242728583262 0.309132974201356 0.007803869760975246 1.4360339996767557 -0.008488082255135865 1.436125631308272 1.4315839530320886 1
0.9973286523267972 -0.044484568221479094 0.05793688322789679 -0.04052564780899663 -0.9968754596663151 -0.0678011045981856 0.06077195996243287 0.06527205455033196 -0.9960152246713415 -0.02175998864410705 -0.01781743663461477 0.28855296354275406 0.006915793574692408 1.4090175848785291 -0.0077743766886291255 1.4143266833530825 1.4069164546219994 1
