0.9969824246556634 0.07762734649145432 0.00020001102519818964 -0.00021078322304055294 0.00013057447139323708 0.9999999692603697 0.07762731798888448 -0.9969824361677606 0.00014654299537731553 -0.026926551832646927 0.1888094498702694 -0.052554455083513765 7.790097455995237e-10 1.4253852447049526 3.616413835061394e-10 1.4253207076106156 1.415925183169465
0.995123870723899 0.09737410217253373 -0.015708791856077653 0.014862429575571528 0.009411153128953187 0.9998452572192832 0.09750687207882217 -0.9952033533016638 0.007918047393635441 -0.030092706519362862 0.18850788697878915 -0.051898054391884274 2.027897849643523e-09 1.42453450131333 -7.09290404188323e-10 1.4281381666870399 1.4161822592846187
0.997023679323791 0.06396698855230053 -0.04303495373763064 0.04315130462096596 -0.00043784862158868337 0.9990684527088688 0.06388855748221867 -0.997951919014205 -0.0031968044523893622 -0.02476649817580596 0.18819107857754824 -0.052135099332391646 3.3590561443475053e-09 1.4176140075187647 -1.6833112681524653e-09 1.427082786522325 1.4141172637330364
0.995005813803669 0.08983345927347 -0.04351298762277453 0.03920289108040484 0.049198804704463944 0.9980193439741485 0.09179631707119756 -0.9947408844571605 0.045431365393859106 -0.029243047663451198 0.186336895598731 -0.04982382872589926 4.331142555713541e-09 1.4201444755158779 -2.3632589218891553e-09 1.4290150936929304 1.4144338446316267
0.9873328534699352 0.15863443010326841 0.002992330985535682 -0.020985190633498015 0.1118703151784392 0.9935012100425207 0.15726874525153273 -0.9809791792732852 0.1137822112604628 -0.04000405751153616 0.18647535656513128 -0.048164405949844724 4.567247025022425e-09 1.4176842864171526 -2.706808110986003e-09 1.4116036968220342 1.4050910897992797
0.996992476932265 0.07631844710111756 0.013472029265894324 -0.016538671558947754 0.039693723208943085 0.9990750125395376 0.07571309849380387 -0.9962930808601883 0.04083654915124222 -0.02646788592886801 0.18796829385785363 -0.049904525226117796 5.556092474989782e-09 1.4274928504233122 -3.890432864750437e-09 1.4235640613230665 1.4165988842190806
0.9925412056625688 0.12166464640820708 -0.007724563176006866 -0.0004138219918842401 0.06672507716950161 0.9977713128909266 0.12190891605314687 -0.9903259452781645 0.06627773604806361 -0.03443327276905638 0.1854897279401828 -0.04590108546422675 6.0382658872981665e-09 1.4205551338287563 -4.036984968536217e-09 1.420454390600277 1.4118317763321002
0.9812056527633484 0.19071005265112798 -0.029413309964287634 0.009874229819387063 0.10260590413868023 0.9946730759507658 0.1927121339478269 -0.9762692785567352 0.09879437825902264 -0.046430318225314904 0.180493666642004 -0.048498800636744346 6.644627958962701e-09 1.407548025932316 -4.541292675241948e-09 1.4103408432975 1.400798917473125
0.9835009913095867 0.17935332501716528 0.023625936983480977 -0.0619608979014111 0.2112724516800668 0.9754613258824486 0.169960722592931 -0.9608310652588107 0.21889955872341965 -0.043515724630020014 0.19550229421706983 -0.04157445018780617 6.722038037310085e-09 1.4200817910609302 -4.7736588015823145e-09 1.4251234481905888 1.4134693130076172
0.9830820792888932 0.18239938191529853 -0.016735915210811372 0.005831647874920201 0.06015553891001557 0.9981719806834433 0.1830727103204881 -0.9813825842225664 0.0580741433044689 -0.04452568214150965 0.1927870857761676 -0.03998249100167972 6.816438080647913e-09 1.4062517851709604 -4.752859439349777e-09 1.4128371731486205 1.4008291759527145
0.9838065663917046 0.17922016971326044 0.002184191501344135 -0.03874668629119146 0.20076534238070204 0.9788728066506963 0.17499524058104102 -0.963106125028135 0.20445844983094727 -0.04365445361035869 0.1896133153389347 -0.04037145890299387 7.074443253429763e-09 1.4154172552375703 -4.314360424473307e-09 1.420646322010219 1.4067215612413282
0.9834122668677644 0.18118750989255783 -0.008449830349718579 -0.05947160521345728 0.3660972346532833 0.9286742932549352 0.1713576422204141 -0.9127671669369759 0.3708000234823448 -0.04350179015886199 0.1841627902265379 -0.039091156432039226 8.612420998588277e-09 1.4178012508406157 -4.047851831501248e-09 1.4268517154667668 1.4116900167688629
0.9907116904212715 0.12230963626146743 -0.0594196881531232 -0.00759284167058933 0.4860529996629304 0.8738963498459257 0.1357670623457407 -0.8653281657245734 0.4824670666333123 -0.03753615232557207 0.17950317519394196 -0.02037373274072385 1.0491921109689883e-08 1.4176780124837816 -4.006982301518747e-09 1.4315408173299131 1.415785773650101
0.9903813044604189 -0.1383623515136832 -0.000855253695057385 0.0009861382720952844 0.0008774060065431478 0.9999991288446245 -0.13836148057384773 -0.9903812850828229 0.0010054109155463536 0.008916830169534843 0.1879435739832531 0.01765202099262067 -9.395506594955805e-10 1.4240491779862898 -1.7784707040391368e-10 1.4240643000430149 1.4176843924919211
0.986789044994043 -0.16162109066174468 0.011225138442474029 -0.008705345399221348 0.016290472964232874 0.9998294041745731 -0.16177638159269372 -0.9867184216096858 0.01466829284086728 0.012981246199043154 0.18701078306022778 0.018026105585081498 -1.1005933941987678e-09 1.4178680127744583 3.1113245313463267e-10 1.4164289471017684 1.4116990261675237
0.9911738813262218 -0.13121201131279078 -0.018914149834577683 0.016325559365177846 -0.02077613134086381 0.9996508532872471 -0.1315591619315312 -0.9911366002997564 -0.01845064925995599 0.007413590008606344 0.18781509221843062 0.01661054648405713 -1.8722259298442623e-09 1.4237515124693383 8.084777292083345e-10 1.425264537195769 1.4191992818469181
0.9887639482721685 -0.14944239497002976 0.003581226445486106 -0.00046235535895482877 0.020899581682577793 0.9997814729794782 -0.14948458390333855 -0.9885495324317921 0.020595657409532876 0.010652772529845663 0.18921442945036054 0.01690284095156805 -1.997989329538541e-09 1.4191236219300167 9.663354560984772e-10 1.41945620624759 1.411582973118354
0.9879148871865313 -0.15499541977348155 -0.0007717023164544416 -0.002671854204417238 -0.022007600015158287 0.9997542331676735 -0.15497431035605005 -0.9876700285980207 -0.022155760850208598 0.011580043917158096 0.19125169384099622 0.02113163654149164 0.0 1.44276 0.0 1.44276 1.44276
0.99184991040067 -0.12740016708175822 -0.0017183322504689506 -0.0010881557235870379 -0.021956047840906868 0.9997583447415326 -0.12740710794655113 -0.991608354841138 -0.021915735304752264 0.006720440300389058 0.1952568311983434 0.019545721435975383 -1.4535226355860686e-09 1.4212899114170865 7.567635407212947e-10 1.4217922079685987 1.4162127895730352
0.9988414250396689 -0.04655204072980851 0.012194881246404304 -0.013935266521371295 -0.03724620750865797 0.9992089513075832 -0.04606100272141283 -0.9982212317568248 -0.03785177007995475 -0.006894011588143187 0.1938195951088437 0.01707066100952226 -1.4947376669738333e-09 1.4290143594363753 6.527161033886841e-10 1.4259879195363974 1.4187907565609317
0.9997944696959339 0.01931683780377987 0.006154522133264839 -0.0038120476692676125 -0.11903873171003168 0.9928822934494472 0.019911972729833107 -0.9927016873815262 -0.11894062893678013 -0.017453275780469624 0.18715340787604678 0.01052900812774632 -1.0629142010998294e-09 1.4296995835887039 -1.3742251780968218e-10 1.4289607959745645 1.4200353807649329
0.9999873020027432 0.005006613224458667 0.0005741579009390218 -0.0004355254879368775 -0.0276471155546382 0.9996176505639834 0.005020572758549816 -0.9996052074821985 -0.027644583983973233 -0.015018154035571626 0.18866801103809058 0.007241577753305722 -6.807114871776321e-10 1.427158541358601 -5.250804235856776e-10 1.4271026578354986 1.4183929241984163
0.9989633957857326 -0.04548714186429667 0.001747514021513713 -0.0031112656848599762 -0.029927528528943502 0.9995472290302182 -0.045414247831228584 -0.9985165311406551 -0.03003802811033253 -0.0069095945185636935 0.19067590795800293 0.014431332180524836 6.434959232137771e-10 1.4263357223249917 -2.0932047206656534e-09 1.4259389597517407 1.4178940529331783
0.9997063238054159 -0.016173928768147904 0.018046334022840005 -0.01562779068035265 0.13886872540924172 0.9901874818748537 -0.01852129320301686 -0.9901787117139085 0.13857518019714926 -0.011278119171338497 0.19341796245341653 0.020195219757107974 1.9452013333420837e-09 1.42822936703429 -3.773327428291395e-09 1.4249662370830807 1.4182727599163485
0.9979137946275477 0.05205422198977632 -0.03818921922595246 0.022281361024239985 0.2774931729483622 0.9604691977975963 0.06059372445192858 -0.959316369577883 0.2757544262871483 -0.02381036983925887 0.18767424954117382 0.019555628885644855 3.4642724244804413e-09 1.4265341917433103 -5.45584022404455e-09 1.4296908779884943 1.4187067157887352
0.9912309854470309 0.13212602627346748 -0.001961293168059728 0.0017896264612802188 0.0014180011308080785 0.9999973932515636 0.13212846297008526 -0.9912319115393613 0.0011691104254130929 -0.03723510104784237 0.1774517591728143 -0.03262505828546193 4.1869369997726835e-06 1.4196666797252737 -3.4218405886576875e-10 1.4192916645129294 1.413762032354371
0.9910924513900373 0.1330563226402943 0.005636293385599701 -0.00619654724452426 0.0037969383378130715 0.9999735926820794 0.13303140832124202 -0.9911012048548326 0.004587606714423217 -0.037275930161744096 0.17736978401462913 -0.03324698167587692 4.187627479446121e-06 1.42454055359888 -8.089671155175893e-10 1.4230041803374824 1.4166877708683234
0.9871671732711046 0.1596539466960938 -0.003404309077888466 0.0020247719949159984 0.008802674685379605 0.9999592057762917 0.15967740076261755 -0.9871337955022836 0.008366448646243231 -0.04102805798795695 0.17602428763437433 -0.03312812687498562 4.1877508625276505e-06 1.4149300358206611 -1.51417722804581e-09 1.416036131930535 1.4073007981130337
0.9897642958397341 0.1397466861667697 -0.028939633485615388 0.022631655590659782 0.04651901794921006 0.9986609981040948 0.14090580841860678 -0.9890939513890717 0.04288016417239349 -0.038500875479521135 0.17860894831762736 -0.0343355084799129 4.18958180414819e-06 1.4136535764897316 -3.4160478890044033e-09 1.4190385616619121 1.4104463318634455
0.9822080665762088 0.1853391014852243 -0.030277572777145212 0.012561093373764362 0.09602746207879818 0.9952994250274438 0.18737537961504222 -0.9779714433394027 0.0919908861070711 -0.045662401468971534 0.17663806300870155 -0.032950249106824994 4.190947201720974e-06 1.4067025146494654 -4.612920712077084e-09 1.4103434629328149 1.4013609644781688
0.9790223424126682 0.20270789308282278 -0.020609782597960414 0.010998786885243961 0.048425823254720037 0.9987662220605759 0.203455842245597 -0.9780411288509424 0.04518042200012308 -0.048167873449722405 0.17724043772065173 -0.028817758818597702 4.191967726718815e-06 1.4029417451392154 -5.666814573146439e-09 1.406406331044571 1.3967373133135945
0.9871270804165122 0.15933085289532387 -0.01392143757020226 -0.000146995688913628 0.08794654482710305 0.9961251847259167 0.15993781760621786 -0.9833000989365468 0.08683783697638474 -0.04082877958734462 0.1833708778798788 -0.024014142062109417 4.1923683520295185e-06 1.419066412509399 -6.017318199269539e-09 1.4191224166575447 1.4093838851228462
0.991332507341262 0.1286640836832825 -0.026559620826136873 -0.001175370532409896 0.21084152490928695 0.9775195496142457 0.13137152808960706 -0.9690156886985204 0.20916528551251942 -0.03598832727544292 0.18160406922924655 -0.02966748263349453 4.1920504427750416e-06 1.4262459515207881 -5.6587188268508726e-09 1.4244208208980433 1.4157826671232572
0.9962007875334246 0.08632615923050493 -0.011479771352001178 0.0006987016492689679 0.12389379315331044 0.9922952382401571 0.08708330915732374 -0.9885333187356885 0.12336277808000165 -0.02870268791009043 0.1841362932979183 -0.0426646456879087 4.1918484301461945e-06 1.4291381177263363 -5.578574047149232e-09 1.4291722997906122 1.420399043392476
0.9979685469487332 0.03799752309648698 -0.05113675331467954 0.05303519833116002 -0.05075814355123862 0.9973017991567078 0.03529939148213425 -0.9979878752278327 -0.05267023693915983 -0.020035428364159488 0.18728683096551263 -0.03862529278068688 4.192548180625977e-06 1.4149354752663532 -5.999250873855999e-09 1.4273859957910435 1.4127869964257807
0.9986764105508753 0.04321440248231101 -0.027891619302508164 0.02549117500684396 0.05513623121666067 0.9981533930233334 0.044672441236064855 -0.9975432378725845 0.05396166758626501 -0.021550933306762672 0.18659683341785785 -0.04942562390493416 4.193708387667527e-06 1.4200623956684577 -7.059425932709473e-09 1.4263089461187652 1.4152548689553512
0.9951743024307074 0.09805287565479355 0.0037069336897719574 0.005533563034928968 -0.09380033571605542 0.9955756509174446 0.09796676712892616 -0.9907507913675269 -0.09389026543218348 -0.03018757056191932 0.1892322482654205 -0.044725269249697414 4.194420388792253e-06 1.4261955781037443 -7.907829946418587e-09 1.427979418090481 1.4168440814047605
0.9998540729414549 -0.015674748561637506 -0.006792280906526532 0.007806223802331008 0.06555916980505319 0.9978181488249349 -0.015195252295754797 -0.9977255622223988 0.06567196354356028 -0.011868963041287216 0.18792064528610797 -0.04141583005862358 4.195703617426716e-06 1.422875769979969 -8.983131571937975e-09 1.4246859907972604 1.416174787489835
0.99807561668609 -0.010764990075084723 -0.0610669989877049 0.05913790593584184 -0.1309268644858904 0.9896266287026723 -0.018648631537047006 -0.9913335821733149 -0.13003829204207057 -0.010945419574692094 0.1856844593041226 -0.025088364331886964 4.196587372717886e-06 1.416853221929256 -9.213803942031973e-09 1.4268395756526662 1.4138324724528433
0.998271326251173 -0.05092622899590117 -0.029340729114677635 0.014480129032807768 -0.2707208397590679 0.9625489872122551 -0.0569621369676129 -0.9613099115895987 -0.2695154333831011 -0.005048730268351216 0.19212433748166746 -0.012019759341181602 0.0 1.44624 0.0 1.44624 1.44624
0.9994882553664848 -0.02517053546148542 0.019740099519573562 -0.027583192604800272 -0.36567269618739895 0.9303346960899419 -0.016198607044652112 -0.9304030972689311 -0.3661798488751021 -0.012380834695704966 0.1903888992429221 -0.0018161341592674851 4.195429853304233e-06 1.431355289188268 -8.166117559937902e-09 1.4238436569081117 1.4194221637083482
0.999542347553139 0.009761326110518737 0.028632358626630362 -0.026787260344998585 -0.15415145902323554 0.9876840437934681 0.014054825903195458 -0.9879990102189232 -0.15381943204699147 -0.016982396486437182 0.20044000824504768 0.008925620881475221 4.194725286232881e-06 1.4293557247688966 -7.656177913872853e-09 1.4242914696752988 1.4194153580958346
0.9845576998409727 0.1711967548964549 0.036576041294488215 -0.070685608121037 0.1976247481768238 0.9777259348675406 0.1601551762772972 -0.9652129972296115 0.20667411422482915 -0.04349773102021959 0.20243386846605563 -0.019975736112583242 4.19457691602787e-06 1.432964931355964 -7.914819022403208e-09 1.4313703801098567 1.4246521442117928
0.9412303315744256 0.2871045266067064 0.17792260600113755 -0.24240001215955037 0.20733092847954168 0.9477637470387127 0.23521840282883225 -0.9351924277376021 0.26474029929896015 -0.06239103224549529 0.2066756260073156 -0.005877485582812564 0.0 1.47836 0.0 1.47836 1.47836
0.9992610641064839 0.03843427931654663 -0.00036322747023273517 0.00036840688614252876 -0.00012767806591808302 0.999999923987336 0.03843423001887379 -0.9992611219654897 -0.0001417431731765026 -0.02069126125027932 0.18487886884091118 -0.022421562027785558 6.661766575710715e-06 1.428704063090044 -8.886686941877997e-10 1.4286604454758667 1.4214877678475615
0.9996071249356194 0.027846792968082148 0.003186204534847666 -0.0033167864717366024 0.004644367631511916 0.9999837142557895 0.027831541557125763 -0.999601413549769 0.004734904841477462 -0.018729252763027712 0.18643159624626432 -0.02261775091080015 6.662507084698177e-06 1.4273454493204412 -1.8235173371294877e-09 1.426553304590401 1.4180290770264365
0.9999745230877723 -0.002192106975892374 0.006793220325354444 -0.006765256345770467 0.012521424945966128 0.9998987174828751 -0.0022769457522253808 -0.9999192010279275 0.012506275773092553 -0.013956329833196451 0.18862443247688868 -0.023884431655201516 6.663541448403976e-06 1.4254882760053746 -3.0783242621623685e-09 1.4240112172735522 1.4172034186585725
0.9982233095063623 -0.055436218313837764 0.02184147561923884 -0.021035507444092556 0.01508083514425073 0.9996649818003638 -0.05574703386490452 -0.9983483330533549 0.01388791218480075 -0.005244072151350073 0.1893338305343255 -0.021528413705147242 6.664870659811584e-06 1.4281137265021293 -4.909273876307907e-09 1.4234150562841759 1.4171763921539657
0.9987539388311927 -0.04920380066050764 0.008340004180998034 -0.006607441402058753 0.03527013841945276 0.9993559721410539 -0.049466265143998864 -0.9981658195592722 0.03490107843992693 -0.006202950857520881 0.18736140248939842 -0.023205721928888312 6.66577737629126e-06 1.426195804750357 -6.230818527797055e-09 1.4252784172692152 1.4187632346638948
0.9985893126604027 -0.048165717087422504 0.02234834083055943 -0.02130773226882335 0.02201104214135169 0.9995306371339558 -0.04863502016021601 -0.9985968043816814 0.020953689238636854 -0.006418552537019419 0.18777290641425404 -0.02134184279619153 6.666899841079044e-06 1.4286813424552873 -7.943646629371415e-09 1.4240704249484422 1.4179068675793163
0.9877007446293403 -0.1527268821768322 0.033492365088041084 -0.019441267478853757 0.09258357588845177 0.9955151021428672 -0.15514276063504306 -0.9839221417044396 0.0884756626778597 0.0118849820199215 0.1876592631955364 -0.022702133848295114 6.6668990239548975e-06 1.4196016702340186 -8.13440159674883e-09 1.4165214944367133 1.4113860118893191
0.9840188015769848 -0.17626220262347955 0.025271210285895226 -0.007191850599985505 0.10246454290733899 0.9947106588007075 -0.17791929470392462 -0.9789957371577823 0.09955938528812082 0.015797736864994427 0.182076105264292 -0.02496986774477683 6.6667853975133085e-06 1.4155655862560934 -8.092498227085798e-09 1.4137861972993901 1.407972092506891
0.9943129099103726 -0.08696352834730867 0.06147505122368172 -0.05249119079059024 0.1020673050499986 0.9933916348194284 -0.09266343440081048 -0.9909690257405714 0.09692201993267228 0.0015658428135850817 0.1850787555090669 -0.020867501813711303 6.66665040238712e-06 1.4182126560175998 -7.149330905065199e-09 1.415606119062626 1.409251176763604
0.9939596297105805 -0.08650182695287086 0.06754027272243723 -0.04260020975060594 0.2630586277158902 0.9638388768427207 -0.10114087519301974 -0.9608941629118414 0.25778466022465685 0.003028139558226374 0.1806848080921919 -0.01741243838489781 6.666817530920355e-06 1.4180179721678652 -6.142212960469351e-09 1.4171120355150046 1.4074917656818267
0.9854024298436498 -0.14203636651143392 0.09384946375158572 -0.02927845451285041 0.4016653014942712 0.915318391422818 -0.16770457167164388 -0.9047047342441322 0.39164335878026146 0.013822100436815393 0.17191577990673051 -0.020212371411630264 6.666749349015788e-06 1.4167592659211303 -5.891188870066344e-09 1.4108523327085267 1.4077606106293743
0.9801935735000328 -0.1776682007967975 0.08749039315756221 -0.009162066144178823 0.40062246890782227 0.9161974099233038 -0.19782976270825792 -0.8988524060332874 0.3910597616157466 0.019002519851615142 0.17044061559308554 -0.007533851155812482 6.666831276369578e-06 1.4104804568451073 -5.726560559082827e-09 1.4078876768479693 1.403194423175889
0.97896451917767 -0.20205033506769068 0.028357226420566952 0.017237290926637963 0.22039229203636176 0.9752589981192018 -0.2033011214743879 -0.9542551544057769 0.21923903461122796 0.019825588205734247 0.1758285245387668 0.0020400376152481525 6.666728591397941e-06 1.402332763366151 -4.730331681912503e-09 1.407036526522563 1.3992930795868137
0.9890589229381089 -0.11085531345838842 0.09733214491908976 -0.04977844080918051 0.3702971541216099 0.9275786352002958 -0.13886883663052396 -0.922274968286291 0.36072749976319474 0.008992990042707299 0.1783188835676282 0.0056569464822641136 6.6664564055685105e-06 1.4204156770866874 -3.5652529817298273e-09 1.4125560923327365 1.407902164890575
0.9789159776549302 -0.20112737747513204 0.03565510793516035 0.020807529876785316 0.27183412904944826 0.9621191469793932 -0.20320077606229484 -0.941091910662239 0.2702877361142704 0.019803368194178765 0.17814203209139695 0.003860267802628631 6.6663818296675e-06 1.4022769825834995 -2.6070470227068654e-09 1.4078756313022396 1.3998226208576146
0.9930350628772883 -0.11660042503188245 0.016902803870501904 0.0003673672886144834 0.1465275316094783 0.9892065242009419 -0.11781862729456473 -0.9823105534212783 0.14554981174706738 0.005833553380739466 0.1819619610699401 -0.005059040948661664 6.666472730287865e-06 1.4162359930161514 -1.8502239740314508e-09 1.4207004673546733 1.4103924822563645
0.9789608004172904 -0.20018457918985713 0.039520697120848186 0.01997575791442617 0.2867753162656518 0.957789583925655 -0.20306826522645588 -0.9368490018329074 0.2847406318434419 0.019750452925449993 0.17634594375402554 0.002152635236410849 6.666378100206316e-06 1.4012199902866147 -4.680762444309039e-10 1.4067164065542146 1.3987229824241219
0.9789480383202415 -0.20372650889626767 0.012499913675314472 0.00125895457217709 0.06726686119880726 0.9977342253415215 -0.20410574049334462 -0.9767142258395746 0.06610724423438097 0.020031456268203927 0.17812320288528916 -0.008156409880455712 6.6662940829687045e-06 1.408311521580031 3.80858899973191e-10 1.4083787235661642 1.402601490626429
0.9823644165020592 -0.16752302143723702 0.08304330484215854 -0.01464299580112216 0.37384466399262156 0.9273757328495351 -0.18640208117007964 -0.9122369234430182 0.3647986563060233 0.017003024209633698 0.17737761346588823 -0.001874000311265167 6.666163241852985e-06 1.4150892374007142 3.063913567302734e-10 1.4117588349787615 1.4069913553970155
0.9902932134016389 -0.11534186167638084 0.07756034061092393 -0.05200674661565516 0.20999830580613532 0.9763175763372326 -0.12889782696814933 -0.9708743309530743 0.2019613420912763 0.007413481453902984 0.18133216965410714 -0.016398728288438025 6.665978300013364e-06 1.4211968428663253 1.5269021602648536e-09 1.4138647186062236 1.4087804300103928
0.9897120185257923 -0.1354829146822834 0.04598369509722944 0.0032153080499200404 0.34237900331439497 0.939556427195081 -0.14303769496096463 -0.9297424363331142 0.33929223377734335 0.012105935949195422 0.20132131029179376 -0.029856605506548756 6.665995316623707e-06 1.4388139833800384 1.433241969550636e-09 1.4400343313802138 1.4336079413133174
0.9783627064035377 0.2066163151350075 -0.010775576029909714 -0.0011754615963267163 0.05763187815508403 0.9983372100199177 0.20689377228128608 -0.9767232284226423 0.05662774983054267 -0.04853144787649934 0.17276205261387056 0.08554963435882013 2.5791818465847882e-05 1.4065870555957316 -1.2808243354811566e-09 1.406205896237454 1.3978938903736537
0.9810556305693637 0.19363244034851348 -0.006027252510695549 -0.004046857482466106 0.05158933804049748 0.9986601840190986 0.1936839504777433 -0.979716805125452 0.05139561345204888 -0.0462710854027869 0.17416900378652034 0.08606871910842315 2.5791373749584068e-05 1.4139795251935512 -1.1934053745221718e-09 1.4115131689766116 1.4031230614110903
0.9765193706225705 0.21213824688153313 0.03751377092387048 -0.04323620904504086 0.022399192584768073 0.9988137496044815 0.21104631962276066 -0.9769829273746704 0.031045299033949918 -0.04925320210162857 0.17077729226600508 0.09368173661002663 2.5791225207960622e-05 1.400445843188641 -1.6773880062714852e-09 1.3912301865056937 1.3885287619990372
0.9747901563358053 0.21352366474476708 0.06474407853062905 -0.061537513047428646 -0.02163706676017922 0.9978702179291419 0.2144697778213832 -0.9766982553153147 -0.007951884384637484 -0.049479816993154 0.17138541258265333 0.09253289822200617 2.579084134790577e-05 1.3967416863213797 -2.1638566494175393e-09 1.3856969690723204 1.383443401703608
0.9786038323043429 0.20574920178828604 0.001343637874019879 -0.0014934647381858318 0.0005729021551909436 0.9999987206722797 0.20574816879459498 -0.978604587025119 0.0008679234223859648 -0.04841290510312314 0.17165218061006926 0.09397019892629108 2.5791067062463924e-05 1.4066666381900186 -2.6347608539367684e-09 1.405286564509363 1.3972874135695168
0.9825670205821647 0.18580096938410184 -0.006328494308761451 -0.005307765153365368 0.06206340046540535 0.9980580954792899 0.18583292951833022 -0.9806253790814302 0.061967638393249494 -0.04508016182760768 0.17485128825013443 0.09628376359644372 2.5790605255870958e-05 1.408616891103283 -2.415101008068632e-09 1.4080642980005527 1.401197530649763
0.9791728306598985 0.201556299599197 -0.02440544589554753 0.004917613289658326 0.09662687360549797 0.9953085272300044 0.20296892564384117 -0.9746990845328141 0.0936232334085883 -0.04783233573917378 0.17452475136752912 0.09841021095870739 2.5790208710851914e-05 1.4062973305043416 -1.8518946376389067e-09 1.408514133231245 1.3978583991350328
0.9739076890748654 0.20722796395377002 0.0925223438766565 -0.13240246373252543 0.18771392313954302 0.9732589946448575 0.18431874771279394 -0.9601146046254774 0.21025352607376332 -0.04698491647892718 0.18022104688599785 0.09680087343464294 2.5790991267982122e-05 1.41469672883946 -2.5287363314419053e-09 1.4246514381381292 1.41152549930196
0.9714185386172202 0.15970068872102525 0.17561808805705195 -0.21333466375552484 0.2629496734189896 0.9409281537339415 0.10408815528724397 -0.9515004778090639 0.28950388021237583 -0.03461361038997195 0.18466477965095718 0.10005903991751433 2.5793831791354194e-05 1.4370236995945866 -2.5267095082881497e-09 1.4509400515857651 1.434863489317931
0.9793473761443132 0.20218457356280445 0.00033919386212950017 -0.0003240775175368712 -0.00010786864444002893 0.9999999416690574 0.20218459835756986 -0.9793474289431624 -4.011739921610161e-05 -0.047935785595219514 0.17212105637931543 -0.05255266423396891 -1.8642154486769869e-10 1.4061548175703802 1.7479262481856495e-10 1.4060053303738824 1.3974526727090577
0.9793371687501795 0.20203870032649654 -0.00889232673502774 0.008584835453213868 0.002398179307531895 0.9999602738790427 0.20205199950662112 -0.9793746026451724 0.0006141571357093931 -0.04792742899890394 0.1725838565259711 -0.05273866242417631 2.2018031842208075e-10 1.403363049033933 -1.467945764943579e-10 1.4062290703318903 1.3962323311778881
0.9791473468837448 0.20261526919895895 -0.014748755132447864 0.008099445547636742 0.03360748206899205 0.9994022894364425 0.2029898324358744 -0.9786815569103239 0.03126560556329985 -0.04806492833607874 0.17314783526571745 -0.05094787820018129 8.218865588105473e-10 1.4024206703723818 -9.403233747207196e-10 1.4052216487325584 1.3953408102092686
0.9794381208097992 0.2017351047074166 0.0019786442977429235 -0.013902554497183042 0.05770704314372989 0.9982367535560193 0.20126521428955918 -0.9777386382363619 0.059325111181374596 -0.047731535404410295 0.1733980340897926 -0.05256459835199767 6.068745506127016e-10 1.4074093279550022 -5.133014013836146e-10 1.4030945657372813 1.3959876111411944
0.9787688975799457 0.20478034133292206 0.008743965559724716 -0.019947116118933794 0.05270792958779876 0.9984107304697327 0.20399401385500382 -0.9773877868902084 0.0556736593838139 -0.048252335329199106 0.17523192296916695 -0.055086472891205676 9.014957669251089e-10 1.4049515253890634 -5.705382832843497e-10 1.3996752011316955 1.3943591121590995
0.9810491364243947 0.19084101069651335 -0.03350075457780817 0.026563378246340426 0.03879525146417679 0.9988940461330087 0.19192961954083876 -0.9808540345536458 0.032990665994252495 -0.04614972801323011 0.17427735349550008 -0.05838006420455451 1.874743915664112e-09 1.4066679024874755 -1.6092442933768325e-09 1.413800113806925 1.399878187148044
0.9750658882868575 0.21355281003907878 -0.0603465891643815 0.06597779135397334 -0.019334323938701894 0.9976337579321806 0.21188073189276338 -0.976740181031909 -0.03294198248952926 -0.049245684916967306 0.17071354395234092 -0.06715814657785146 0.0 1.41352 0.0 1.41352 1.41352
0.9782666022375809 0.20627058546816143 -0.02114002169252341 0.036580905387593024 -0.07133297532554622 0.9967815427626201 0.20409873176372859 -0.9758914141449482 -0.07732823217047356 -0.048193352586236415 0.17585699097498886 -0.05714986474487553 2.814411814711093e-09 1.3975717494449702 -2.218076389226553e-09 1.4063115857433788 1.3931558156356347
0.9865384839705953 0.16347346324658799 -0.004271587429273487 0.011460832005617637 -0.04306024392988013 0.9990067390775891 0.16312715584702164 -0.9856075497919372 -0.04435412966563362 -0.040946906827442155 0.1945088958329154 -0.06698479418620569 2.850916835939188e-09 1.4196145262483455 -2.3581812058637297e-09 1.4182962584259702 1.4087851431581573
0.9877003108047931 0.15627153566087482 -0.005225244329882319 0.012590316958235967 -0.04617734255749635 0.9988539117174335 0.15585114678758766 -0.9866341065341901 -0.04757688376169922 -0.0398339007108345 0.19555711442865178 -0.0665907286588308 3.185244956682709e-09 1.4242812287254978 -3.17967430163435e-09 1.4220929318761524 1.4144639040470546
0.9876717742049188 0.15653119898234522 -0.0015653063781368853 0.0012523074279301369 0.002098195171866317 0.9999970146471071 0.15653401599976258 -0.9876707859009348 0.0018763029648369988 -0.04175009406114173 0.2018547631027363 -0.056886060984676204 3.487123478862486e-09 1.4257728443391207 -3.4449278984993725e-09 1.4261756507421612 1.4168766630660965
0.9872986873409004 0.1581075292569653 0.015598434767396696 -0.03226342844402552 0.10339144627747068 0.9941173371497402 0.1555646912379931 -0.9819940010147266 0.1071793301486678 -0.042784013143067554 0.20633152091715945 -0.053907095894496784 3.1723326188171086e-09 1.439046115191224 -2.950994115735739e-09 1.438682190359465 1.4299880826551412
0.9899592576714245 0.14135298665234183 3.626437995275423e-05 4.695986555381795e-05 -0.0005854331719627861 0.9999998275313712 0.14135298350375702 -0.9899590852315384 -0.0005861929055813318 -0.03849768065543604 0.17754089314148644 -0.05246554577857085 -1.058863219327577e-09 1.4215823049608787 2.7698998650294016e-10 1.4215320544310064 1.4143724061444773
0.9894528400175422 0.1447682704779393 0.005022473897024132 -0.0025408741419724306 -0.017321675589245963 0.9998467400123758 0.1448330809580972 -0.9893139579615801 -0.01677114315060648 -0.0388335818041157 0.17704473918164418 -0.05257514015796122 -1.4433219064358127e-09 1.4215336761981536 1.0632099645135895e-09 1.4201471657994542 1.412371305658306
0.9875428585669946 0.15228465736252825 0.03960411121722738 -0.031071479110469015 -0.058008791478387944 0.9978324224523397 0.15425195518766313 -0.9866328411537872 -0.052554458208499216 -0.04054359226027885 0.1775005005910489 -0.05046055926536043 -6.567457688788636e-11 1.4166881196312184 -4.737925607400939e-10 1.4096836518290576 1.4068709139206081
0.9791458774297508 0.20315333339459513 -0.0014400843683321785 0.0008430412177997293 0.0030253844368420043 0.9999950681530956 0.20315668828229239 -0.9791422624826659 0.002791026065388923 -0.04797151898034477 0.1771692580057327 -0.04776479485460268 4.1317882448765886e-10 1.408176846419269 -7.008011948528292e-10 1.4085484519069453 1.399394270091876
0.9887142863372594 0.14790488441092184 -0.023837054348131985 0.019608362498565672 0.029983350579257818 0.999358049353767 0.1485246515320901 -0.9885469861647614 0.026744794481132927 -0.03945914461805027 0.1771536725203634 -0.04752316033311234 1.3900152140422506e-09 1.4143178895985864 -2.132278353883521e-09 1.4194540821616748 1.4099903350313037
0.9778480407879594 0.20768004568026788 -0.026119107055778426 0.028420330517968814 -0.008104129873540353 0.999563208552737 0.20737766017678663 -0.9781632387823798 -0.013826943059352682 -0.048676874732764316 0.17107583340826532 -0.0540187924825183 2.242239283134495e-09 1.3988446787145579 -2.9195934558856607e-09 1.4053637408255968 1.3941762115480731
0.976758971146507 0.21017798769746354 -0.04203719510459833 0.055263947653537066 -0.05745680577034844 0.996817240802152 0.20709371881967917 -0.975973323896772 -0.06773671579964861 -0.0485835619319176 0.1728370046173481 -0.04355910492742794 2.4742590198911785e-09 1.3918529965116306 -3.1459874705319635e-09 1.4048580367296317 1.3893671843954838
0.9799098143903786 0.19074094854366147 -0.05826359249203611 0.08191664817955135 -0.11856672917409761 0.9895613136556947 0.18184174001708564 -0.9744536014000976 -0.13180956075314929 -0.04352260410410427 0.18491223990416453 -0.03470545422597818 2.622218886472183e-09 1.3892067306721918 -3.1185489746121675e-09 1.4001436439107788 1.3873061133531053
0.9840460929398075 0.1776033520442808 0.010504109316599043 0.01891426052540191 -0.16313873834424847 0.9864218178853427 0.17690544852738999 -0.9704858584204522 -0.16389527414553745 -0.04362049952803061 0.1891028484835114 -0.04869889349080844 0.0 1.43352 0.0 1.43352 1.43352
0.9845000737206068 0.17379889661482756 -0.023527608879531953 0.03387267939244265 -0.05679869933049304 0.9978108785462008 0.17208209213888745 -0.9831418266404052 -0.06180535798189932 -0.04227320256650635 0.18898229850515214 -0.04953284751945218 2.5889557164759935e-09 1.4053945044371456 -3.3462956849916736e-09 1.415667939414269 1.4009889713055523
0.9865512097473551 0.16124416890381796 -0.0267773886058263 0.05632771051530543 -0.1815956256342121 0.9817587370523488 0.15344021498334245 -0.970063578712775 -0.18823589902255503 -0.042570901965447404 0.20780040859445853 -0.052827109068040556 2.3217570088718276e-09 1.4397046839024314 -2.959168909910659e-09 1.440322010251191 1.4311680239514502
