0.9996456075543135 0.02622678875061519 0.004562329360955472 -0.003072603323153289 -0.056563882710754125 0.9983942539305314 0.02644273825052502 -0.9980544487774776 -0.05646325237975198 -0.029361732669868537 0.1408507212469568 0.02908057821730667 -8.74181615984071e-10 1.6401752473021078 -6.112790273959945e-10 1.6397473513123622 1.6345995300302096
0.998530012646612 -0.04868654917812939 -0.023820868436785537 0.022561036845746164 -0.026264203089476523 0.9994004158756987 -0.04928299362256661 -0.9984687333938906 -0.025127176013188167 -0.019932857150872483 0.15236154128074836 0.02728985521272051 -6.250004958019417e-10 1.5817505264624332 -7.375833277478705e-10 1.5817881125390763 1.5817854478146272
0.999178493536884 0.03523932846436233 -0.020013190219049463 0.019894283515530214 0.003721709065728893 0.9997951622032554 0.03530659338943331 -0.9993719720959813 0.0030175904663106417 -0.03171927477249227 0.1522052013626221 0.024611939996080356 -6.540101793461872e-10 1.617370977197198 -7.580176486499113e-10 1.6173027969915656 1.617303881270848
0.9980025592641883 0.03306621599184842 -0.053828589635158075 0.05330973149657588 0.016378281606571832 0.9984437011766756 0.03389637487833774 -0.9993189567158206 0.014582815863575046 -0.032167708171227216 0.15168805747162964 0.020745379031859773 -7.088845066505201e-10 1.600540272252502 -7.533982326890509e-10 1.6005040065553402 1.6005044197404885
0.9975693372417713 0.031623472720724535 -0.062091652966359295 0.06129748827458044 0.025493073255843726 0.9977939271949894 0.03313661609520318 -0.9991746890254247 0.023492668743787817 -0.027327370375932532 0.15494414334267576 0.015624538556002154 -7.035962923396255e-10 1.5844973007332523 -7.461302686806448e-10 1.5844431037509663 1.5844317815725768
0.9946391383771196 0.057982702584729255 -0.08562120420428519 0.08427041369123515 0.02535857715198294 0.9961201935214118 0.059928972832255026 -0.9979954653032236 0.020336406995167037 -0.027591560686025453 0.15423186718101364 0.015207493866865901 -6.646709849178478e-10 1.5383353791545664 -7.189759898551529e-10 1.5383101907686614 1.5383062371738756
0.9953859211580514 0.029465836233057027 -0.09131611279190684 0.09139608988941128 -0.0013760990907575575 0.9958136678637318 0.02921682243612811 -0.9995648407413994 -0.00406281187808162 -0.028124053088991765 0.1553765249752793 0.013950036927314974 -7.131832902018687e-10 1.5979109222603993 -7.532046097935563e-10 1.5978294022665578 1.5978146503193544
0.9969957115398643 0.041777856873998445 -0.0652239361441445 0.0650853253489 0.004670864781966212 0.9978687706539454 0.041993470865690205 -0.9991160061260176 0.0019377067497789297 -0.026645856553076372 0.15980096166274077 0.017129728136068417 -6.94034163473134e-10 1.5605432342834176 -7.360956288948728e-10 1.5605357952429673 1.5605243950047631
0.99509993642231 0.027459175378029613 -0.09498478941321631 0.09392261581347948 0.03768341104895864 0.9948660727808888 0.030897552832999005 -0.9989123856571575 0.03491972235940887 -0.022491943493939966 0.15810197896375597 0.02122948310531192 -6.782077122124974e-10 1.5386767563140733 -7.251026445942443e-10 1.5386366235225255 1.5386293028697073
0.9977007941157535 0.0013067596615234573 -0.0677600014756618 0.06769498145069841 0.028622259348520997 0.9972954205029597 0.003242669761827895 -0.9995894450468016 0.028467989810359095 -0.020415095148398885 0.1610766628170933 0.020458128129501346 -6.982423528256732e-10 1.5691492435875327 -7.388001321828597e-10 1.5690784984084338 1.5690700595053197
