0.398417639086214 0.9172007714827949 -0.0024758142768027723 0.9171767943740675 -0.3984251543080295 -0.006642610656390265 -0.007079034303974153 0.00037577385322441845 -0.999974872717977 -0.0180681177725146 -0.005088236218596082 0.23872957939791023 2.9234105625164375e-07 1.7014806363881503 -9.006873469274979e-09 1.7002734878945693 1.689899253122447
0.39827002512466386 0.9172509097164976 -0.005635220621881685 0.917257154511145 -0.39828788086568606 -0.0024650463765732945 -0.00450550611110508 -0.00418719235033841 -0.9999810837385396 -0.0187682087917114 -0.005013185228205541 0.23538428232399122 2.943872319249863e-07 1.691765679808669 -1.2449662634139713e-08 1.6913362539612864 1.6767661168595263
0.3922592139746934 0.9198498945470095 -0.002980025807159892 0.9198287166500179 -0.3922704263272356 -0.006248572239338804 -0.006916724509265945 -0.00029005327871668794 -0.9999760371084692 -0.018519625373712007 -0.0055711912389955764 0.23605518703349948 2.9620817798559074e-07 1.690775293403295 -1.4546011506411105e-08 1.689589753391111 1.6764215250461172
0.38970988586856087 0.9209375137095998 0.0005483600041884645 0.92093752904257 -0.3897094167023461 -0.0007988332009783171 -0.0005219744046024696 0.0008163185028643748 -0.9999995305833013 -0.01947781911362277 -0.0054325116481719615 0.23739278268686853 2.9814116775384036e-07 1.6974888486995106 -1.6919526224512538e-08 1.6971082761718108 1.6816246837860485
0.4012748422776817 0.9159541037663466 -0.0025652969829150765 0.9159570386753149 -0.4012696251163835 0.002321908720170085 0.001097386062164132 -0.0032814253832630373 -0.9999940139777261 -0.019420642320670464 -0.00475318573793837 0.23694785073379337 2.991125187534749e-07 1.6961050586926394 -1.838207186466434e-08 1.6956563620858223 1.681975807176543
0.3936910237335619 0.9192333614447767 -0.0041719346299354315 0.9192427700872429 -0.3936853255922751 0.0021433748240748517 0.0003278322012346156 -0.004678848174579515 -0.9999890003924079 -0.01959262829912405 -0.0044584352014489514 0.23711076090413008 3.0096182701555563e-07 1.693237338065937 -2.093487161403118e-08 1.6925755062575885 1.6795012972559693
0.3918953726379408 0.9200027781236668 0.0035923738258647354 0.9199445883132477 -0.3919110980591224 0.010375242226672144 0.010953142842977848 -0.0007612245583281573 -0.9999397227828452 -0.02163967306140184 -0.005514865052405532 0.236394029388225 3.023249632860825e-07 1.6951376597135246 -2.3746853372585974e-08 1.694957270048417 1.6781594447029535
0.36886027209325833 0.929476293164016 -0.003990002176404403 0.9293912204999054 -0.3688806455176351 -0.012610655026156138 -0.013193139466530597 0.000943296651696401 -0.9999125218050045 -0.017903283308877194 -0.00526964224126153 0.23674709017173007 3.0418084495664743e-07 1.695379169936503 -2.624484185531628e-08 1.695537241737033 1.6812177413593545
0.3709162058634549 0.9286374622817652 -0.007323378642549425 0.9286354304573547 -0.37095666619073253 -0.005233460417407663 -0.007576643527466064 -0.00485957359656466 -0.9999594886880755 -0.018474069181569845 -0.0036205930973808864 0.2381879599034724 3.0548650542527866e-07 1.6979442451024909 -2.8202252977393982e-08 1.698206190737725 1.6864347452250215
0.3452881405891579 0.9384825690716693 -0.005154368741310584 0.9377317644194094 -0.3452231995578295 -0.03847181417500874 -0.037884534672386165 0.008450445887322952 -0.9992463920359995 -0.01394415656465749 -0.006222693541132279 0.2366400227623084 3.0734448053237884e-07 1.696440169292286 -3.048412011708024e-08 1.6959127992721887 1.6829794628838926
0.36612527891028374 0.9305635366617097 0.0019453479169798929 0.9305655375889846 -0.3661239140425251 -0.0010294745776167984 -0.00024575311031125625 0.0021871903970230033 -0.9999975778988547 -0.02024797692390781 -0.00569528103461775 0.23585331487788025 3.098934842071799e-07 1.6946980568775167 -3.369380063844574e-08 1.6954106012242622 1.6786705997346782
0.3289104775820294 0.9443547964708469 0.0034519732424986614 0.9441457974114867 -0.32875523983157273 -0.02255450095908466 -0.020164596871488093 0.010677577711758887 -0.9997396552939269 -0.01767527632611978 -0.00580532736038078 0.23904980250994337 3.11898993743398e-07 1.7054842029352981 -3.619992128278682e-08 1.7045926080210947 1.6877404866908234
0.4351532559860157 0.9003330462677968 0.006484566517374506 0.9000542634349441 -0.4351825165024485 0.02277059953484662 0.02332309322001109 -0.004072238787851751 -0.9997196858089299 -0.0229479867819458 -0.005780747859282925 0.23501421445554843 3.1292485314082796e-07 1.680516178900926 -3.7974213107361265e-08 1.679415690236831 1.6674891928197164
0.28632006722164904 0.9580306652066765 -0.014073508085880856 0.9569104398240128 -0.2866656627158694 -0.04631638992285481 -0.04840691336994059 -0.0002057749361511576 -0.9988276770267587 -0.013528464828243237 -0.003277622324989099 0.2388994909026107 3.14853308758245e-07 1.7035677864641539 -4.046610957431085e-08 1.7019956375130123 1.6908270644205805
0.2130645911682785 0.9770374820233169 -0.0011129743173382129 0.9764370865796899 -0.21297333511804575 -0.03482778316895487 -0.03426508342411398 0.006333817982331078 -0.999392709002675 -0.01788783931493429 -0.00487028807468165 0.23721004234375215 3.1634409314307277e-07 1.6989573244608422 -4.3616142697544547e-08 1.6974770103223555 1.6813891455281667
0.2848251891832497 0.9585648797778407 0.005289883100789626 0.9585497371744087 -0.2847685472931962 -0.009448589068995851 -0.007550693319029527 0.007761812225036767 -0.9999413689318916 -0.02086909341092897 -0.0052915213894571544 0.2380673507869181 3.1822425139438337e-07 1.69660665224173 -4.5897412981332764e-08 1.697489893173394 1.6834350190746958
0.3424502717895054 0.939534051217486 0.0018915480835592269 0.9395357320479649 -0.34245088436897586 -3.255675008122065e-08 0.0006477317258660018 0.0017771881624586566 -0.999998211021323 -0.02076332605111425 -0.00476448161084686 0.2383510228795006 0.0 1.72357 0.0 1.72357 1.72357
0.3993690366839114 0.9167557349793564 -0.007955810494532192 0.9164636462259869 -0.3989801111634284 0.030153872756039857 0.02446952562543368 -0.01933373420937082 -0.9995136062291436 -0.02379929243214276 -0.002010499023033685 0.23582042096510575 3.2211681944005477e-07 1.6923054560806676 -5.014271042824703e-08 1.6926397376986948 1.6802681995328452
0.3641391707081526 0.9313100239303739 0.008018957711907911 0.9312965792743568 -0.3641943037946884 0.007013595039917746 0.009452290085511107 0.004914103204927097 -0.9999432512907075 -0.022133835631393605 -0.006271293567735287 0.2356519245475237 3.2432104735136136e-07 1.6931786663235924 -5.280131087914697e-08 1.694170808924551 1.6777617125474107
0.271967030313255 0.9623064061952554 0.0005612647867792447 0.9622746895652856 -0.2719627216028229 0.007981220484274855 0.007833022700226806 -0.0016305379349216293 -0.9999679920384555 -0.02468569781838891 -0.0050089417706222494 0.23310414969983423 3.2496133428594476e-07 1.6758061462140441 -5.3781153752652244e-08 1.675223243611045 1.6657068637158003
0.33900543918657455 0.9407505046258476 -0.007987505751527587 0.9407844013992244 -0.3389918689317406 0.003036919832435579 0.00014928436205865168 -0.008544053158692985 -0.999963487768329 -0.021030670120199574 -0.00282587482041885 0.2373980716481696 3.276191096190928e-07 1.6959081346265377 -5.6414689808548246e-08 1.6970381602491011 1.682203304301571
0.29637784954834034 0.9550703331476948 -0.0009105153773444022 0.9547799515217281 -0.29631099364213054 -0.024393425732759426 -0.02356723295738746 0.006360329233951709 -0.9997020214757836 -0.018265719984387894 -0.006564887644488704 0.2339179290736032 3.2940025551653207e-07 1.6850418536998166 -5.79511230114349e-08 1.6851358598826813 1.6721759303498462
0.36490636718500236 0.9310319034657888 0.004789354519577918 0.9294294818959686 -0.36457150904795793 0.05699520131630343 0.054810412974502 -0.016346544569562735 -0.9983629646126702 -0.030250937471047203 -0.0019891184348463653 0.2368680353449391 3.3122405707075586e-07 1.687840538353174 -5.909508349333237e-08 1.6902584100502827 1.675623208048802
0.2054807577817969 0.9785845782829034 0.01224260300306906 0.9785639591821986 -0.20526797225929108 -0.016662453427370716 -0.013792605666766582 0.015403983622139164 -0.9997862178073321 -0.02208817268466024 -0.007657120979159965 0.23417374983304165 3.333812941264114e-07 1.6820745050683517 -6.1760180081194e-08 1.681623943188983 1.6675820528973482
0.2149772552006713 0.9765915820735229 0.007325405757969613 0.9765749045385105 -0.21489016702367986 -0.011120788737044921 -0.009286310999769799 0.00954452406715149 -0.9999113293129283 -0.02253261497393974 -0.006555860826500809 0.23438746031132374 3.350913964084157e-07 1.6906756487594352 -6.436312904867236e-08 1.6908929474955317 1.6749439649867055
0.2316144440093328 0.972777846614761 0.007616459925472261 0.9727094503351065 -0.23169521258663503 0.012395712694669516 0.013822972003965745 0.004537576443730183 -0.9998941623216903 -0.02638493293832652 -0.006080680117916154 0.23337922324527488 3.3695602130734414e-07 1.6842983595164247 -6.707963784435833e-08 1.6836572491441304 1.6683524828636171
0.1937328683950162 0.9810156898689707 0.008705856324736732 0.9808400244073607 -0.19386839206214154 0.01918053909064776 0.020504200155271303 0.004823151474647823 -0.9997781328804133 -0.02807316612321443 -0.0034291782786552982 0.24054733719371535 3.3828494938603626e-07 1.7077578618304479 -6.914284877979071e-08 1.70827099217719 1.6959557055780268
0.3303722242602794 0.9437129681571813 -0.016125357958152176 0.9433893811317678 -0.3296284379357673 0.0368994372835963 0.029507100927331616 -0.027403040634003794 -0.999188873216108 -0.026600207679999373 -1.9877987962213517e-05 0.23536120930470528 3.4057970399459236e-07 1.691164105860743 -7.113911593137345e-08 1.69365675091447 1.6765951773489132
0.18764781991185178 0.9821819565209791 -0.010339244022215975 0.9822334448572739 -0.18761115437099424 0.0044175286524660035 0.0023990594285352015 -0.01098449089419456 -0.9999367907391216 -0.02538141410100156 -0.0028640153310722227 0.23338212121983015 0.0 1.71251 0.0 1.71251 1.71251
0.14568605500589815 0.9891149921858 -0.02066653357734877 0.9889103248646406 -0.14620136978412038 -0.026106107510654078 -0.028843417844100168 -0.01663405261901493 -0.9994455290512528 -0.02107115762743939 3.240657899000743e-06 0.2369609840760123 3.438222790919099e-07 1.6972069916363433 -7.497975396120182e-08 1.6969680187688496 1.6854683992617163
0.13632418114835337 0.9906557313740183 -0.004115766033166157 0.9906002821074571 -0.13636142107457971 -0.010800181996038688 -0.011260493899351232 -0.0026047530266795228 -0.9999332060386895 -0.024328927436145904 -0.0017889540816042604 0.2389254404891219 0.0 1.73022 0.0 1.73022 1.73022
0.19962965440038846 0.979465659950586 -0.02819613557820283 0.9797657473267515 -0.19994806132593848 -0.008936058261391574 -0.01439032484809575 -0.025841705624080967 -0.9995624666829005 -0.02227352947799548 -0.00010442573277449907 0.2325039817806202 3.475514640527422e-07 1.6842833495946872 -7.881745389681782e-08 1.683643874494524 1.6684161282731553
0.14783515216180781 0.9890075576667735 -0.0029696234270630436 0.9889961088988308 -0.14784913772676267 -0.005227720002490621 -0.005609310854893461 -0.0021641052322326337 -0.9999819259768031 -0.024293870001057455 -0.0007521146111152122 0.24311141118219254 3.4912693624988833e-07 1.716759191123682 -8.126762107707464e-08 1.7187726918453858 1.7041939222367315
0.21461710765284073 0.9765245321760909 -0.018421052114246134 0.9766218420517487 -0.2147980748572339 -0.008459590124546713 -0.012217803819759312 -0.016174829083887565 -0.9997945289777939 -0.021771752649695005 0.0007623086416918834 0.24112004978417048 3.50036887475369e-07 1.7101227548715867 -8.27042141438028e-08 1.708758031465318 1.6965300150301603
0.16578597183706928 0.9860137177672014 0.01708683460856194 0.9861033039757321 -0.16556261118152782 -0.013758476183761484 -0.010737105298141763 0.019130346407111882 -0.9997593432502446 -0.023955172045263012 -0.009155563423651397 0.23093999800359072 3.518090041509936e-07 1.6779612546561262 -8.496152137382751e-08 1.6788540579424058 1.6637347986427384
-0.03097439022385853 0.9994422980090819 -0.012477183199176177 0.9993158512064859 0.030713247748549114 -0.020604027280922466 -0.020209321555086632 -0.013106844130526324 -0.9997098548875174 -0.02701131905733973 -0.0021039806040039355 0.2324745880352273 3.535542143495718e-07 1.6812624709590116 -8.687892005809772e-08 1.682392926747366 1.6688787242834913
0.05005167850375684 0.9987464573900593 -0.0005859434808712185 0.9984983651947283 -0.05005230856392513 -0.022266142703141215 -0.022267558968409387 0.0005293942083499739 -0.9997519070046131 -0.02441015666165095 -0.0032604577688285508 0.2369314438904289 3.558723458141344e-07 1.6980119068860935 -8.974263021599427e-08 1.6956726641659277 1.6829491084440091
0.022149097277454732 0.9997542440819696 0.0009321640861126817 0.9988600263314402 -0.02208983066375808 -0.04231651188839452 -0.04228552100835447 0.0018683739818583598 -0.9991038203768996 -0.021551487668185945 -0.004607847953853467 0.23254009323186092 0.0 1.71154 0.0 1.71154 1.71154
0.1791160152496381 0.9837008263308952 -0.01581573131427943 0.983670540087324 -0.1793517788447593 -0.015006931382964836 -0.017598910347060327 -0.012869487213351846 -0.9997622990758661 -0.022225526618178632 -0.0018631031744247295 0.23365336971351156 0.0 1.7163 0.0 1.7163 1.7163
0.05964637006048956 0.9981393199129385 -0.012657352896395272 0.9981521825115007 -0.05978488228140804 -0.0108622464585447 -0.011598753645763762 -0.011986070846400607 -0.9998608918342241 -0.026464148874831686 -0.003460716376707529 0.2293526614821086 3.6178562634603395e-07 1.6744620279873281 -9.76047100920141e-08 1.6721329239521303 1.6586934588234747
-0.026375685214802224 0.9995354465199804 -0.015271358143690787 0.9996356510176945 0.026459813153591395 0.00533324500724338 0.005734844712799091 -0.01512512604840824 -0.9998691624998444 -0.031800166977802684 6.270930073434822e-05 0.2383874417311526 3.6434579087085694e-07 1.700471764743031 -1.0065335676046061e-07 1.7016106242113587 1.6851915490917362
-0.21455167492006405 0.9766379711972472 -0.012076920332613893 0.9692908739127561 0.2113836636012369 -0.12566681547633943 -0.12017812004870275 -0.0386680744056933 -0.9919989916745456 -0.014327831473898725 0.005449748480287259 0.24144265524687958 3.662153531536205e-07 1.7159323242654718 -1.0371082570515e-07 1.713813057698311 1.700427163981126
-0.2781909585474317 0.9605040695202863 0.00645933568025427 0.9602656341763154 0.2782658270470139 -0.021401899864267725 -0.02235402430033504 0.000248863035380287 -0.9997500866040321 -0.03274533801784066 -0.005858769182820328 0.23157406701462735 0.0 1.70652 0.0 1.70652 1.70652
-0.08464445033415448 0.9956829848448181 -0.038088196572462624 0.9963193026354501 0.0850939834488352 0.010337367983199269 0.013533817777684254 -0.037073004616878104 -0.9992209105623429 -0.03448477472430421 0.0014541502085131108 0.2293255529033075 3.714348553174318e-07 1.671857532185614 -1.0816557605153321e-07 1.6736611371273193 1.6589226322587365
-0.2303762749346007 0.9730999743643193 0.001792160544900097 0.9730799253039512 0.23035844786924936 0.007102426749169474 0.006498531966085575 0.0033801460666336046 -0.9999731714875424 -0.03694639498998306 -0.005792427347503709 0.23264849838269497 3.732168858405771e-07 1.682464429583269 -1.1062287974539231e-07 1.6841544982176888 1.6696680957376557
-0.015246454672496619 0.9998707938418472 -0.005093254558123324 0.9970760524005382 0.01558491215960926 0.07480946626153973 0.07487917834270551 -0.003937783012254427 -0.9971848386912376 -0.043978600616956603 -0.002450030639260914 0.23616321276282162 3.7515497197659897e-07 1.6888714513503 -1.1260417220881891e-07 1.6916705207952454 1.675996930961988
-0.3685295550823605 0.9295645403232033 -0.0097842937664872 0.9280649144188687 0.36728650616719466 -0.06161279909396518 -0.053679434195001076 -0.03178659719452186 -0.9980521682674196 -0.029762146685207796 0.00013456924998159203 0.23466395193697248 3.771700205490447e-07 1.6927801350564717 -1.1641977692988803e-07 1.6908191388688962 1.6756767773783885
-0.330242038195476 0.9431422335472184 0.037721658341884845 0.9438022374659865 0.3305094723498471 -0.0009084278856164802 -0.013324142099794467 0.035301784467498806 -0.9992878720622574 -0.03683679793596892 -0.009129700690485881 0.24423712796835445 3.789306326495989e-07 1.7156838501644058 -1.197135937047733e-07 1.7138487168864955 1.7009347298845459
-0.515142224816156 0.8569271915661941 0.017443525043299504 0.8570684964524706 0.5148266804668822 0.019674386093396407 0.007879124327120375 0.02508540280573601 -0.9996542612153022 -0.04544688217265788 -0.008843325156264709 0.2453824403682065 3.8003254587692936e-07 1.7201850543059374 -1.2227002432751988e-07 1.7221751837518813 1.7105451981228796
-0.3816144935873252 0.9243093866827776 0.00474720698905497 0.9241998327195804 0.3816425523903887 -0.014269947654047108 -0.015001582756136047 -0.0010582509423469923 -0.9998869099151935 -0.03822566285974907 -0.0028462616996504098 0.24282374256694533 0.0 1.74084 0.0 1.74084 1.74084
-0.3131176944139489 0.9495651551819088 -0.016832275819112185 0.9497099271242097 0.3130130896201293 -0.008594186883569981 -0.0028920177422809496 -0.018676771423849655 -0.9998213912707408 -0.03875639024787789 0.001985003791818263 0.24626055249681061 3.843083655752366e-07 1.7270484246245426 -1.2845214580892161e-07 1.7253876527314747 1.7110015190179277
-0.5898095290401146 0.8075144269034354 0.006720847885089021 0.807541409428818 0.5898013838896065 0.003346583276012748 -0.0012615511073229859 0.007401209679600077 -0.9999718148948409 -0.04652448624222763 -0.008853267780825819 0.24081543795713822 3.851591854342473e-07 1.7007995373458566 -1.301738477010872e-07 1.701382421952431 1.689317707396449
-0.38521868509761514 0.9224503238142254 -0.026305222802608948 0.9226510400311785 0.38443547348677765 -0.030404359134540485 -0.017933850145724732 -0.03598286842412237 -0.9991914782457478 -0.03704376450253291 0.0010685004687489286 0.23513339707243472 3.8759394893617127e-07 1.6934410785748941 -1.3327700454368596e-07 1.6928345263783156 1.6786822844317468
-0.5959138455773895 0.8023090140451958 0.03445191766786247 0.8025646759392101 0.5964953920613514 -0.009120755679517749 -0.027868074633138055 0.022214707547039133 -0.9993647368127621 -0.04205777138507591 -0.009958557377360844 0.24525791009116804 3.8846231120714947e-07 1.719656683031534 -1.3495151218734236e-07 1.7229528930852176 1.7109326781145118
-0.41264718101881825 0.9105455148301901 -0.025083249786396308 0.9108845166942577 0.4125912008774149 -0.007609087014936741 0.003420708097874128 -0.025987812165643488 -0.999656407159456 -0.042486826962631785 0.0008359397799581891 0.2414170036357811 3.9081742020385946e-07 1.7131101580882184 -1.3802777409921418e-07 1.7144568172730121 1.6991230677500075
-0.7487939432153589 0.6626350122595212 -0.01491546619514084 0.6626988126997517 0.7480880794733631 -0.034561669464807085 -0.011743689809149183 -0.03576403050104188 -0.9992912587789342 -0.050388842652137944 -0.0032515149574100927 0.24687252089840028 3.9268684393078956e-07 1.7276904861345974 -1.4119842273174754e-07 1.7286716147621082 1.7114281883884654
-0.7083183605361487 0.7047838539204282 0.03955779797272734 0.7006306204062865 0.6951029469932013 0.16108577476136457 0.08603391120066811 0.1418154164202036 -0.9861473286426728 -0.06474920964814937 -0.035897140757230855 0.23819104693466708 3.93035441526024e-07 1.7009876636461847 -1.4211857113366477e-07 1.704873824611834 1.6931271247804123
-0.8013813796878315 0.5968894722000804 -0.03886955449110956 0.5971873302295407 0.8020879706024264 0.004709567729048526 0.03398789347607678 -0.019438245589319218 -0.9992331948576709 -0.05893925361201288 -0.009367502159265767 0.2409105454951383 3.961350030223798e-07 1.713980590777049 -1.466513648296086e-07 1.7128618381178455 1.6939488956407285
-0.8276100944882552 0.5607174176685655 -0.02564193877686746 0.5605569336348994 0.8232913120983911 -0.089259955059074 -0.028938826081582363 -0.0882462064136723 -0.9956782368810797 -0.04880397154362065 0.0021439604106862423 0.24168039519608375 3.969565725014945e-07 1.7150223499287618 -1.487488132667636e-07 1.7122733573570876 1.7026568188303939
-0.8973664016205636 0.4412756672048439 -0.003053976994286837 0.4412659347806053 0.8973700128974296 0.0033815314083595863 0.004232734903149642 0.0016868566587041021 -0.9999896191810456 -0.05413607240285906 -0.018757115242054985 0.235002803124017 3.997232438379683e-07 1.6904924397202068 -1.5170158462751715e-07 1.6894824748582753 1.6711298574577667
-0.802403024105473 0.5966910664167557 -0.010447878484482757 0.5916904940284908 0.7977167181957203 0.11640617160344406 0.07779297000830016 0.08722275373711091 -0.9931467389302565 -0.06641360536491842 -0.028112831583335496 0.24184427087514082 4.003932376761554e-07 1.709486185006587 -1.5312607803963374e-07 1.714270017062689 1.7009581305697496
-0.8211240992542986 0.5696914830780548 0.034739426191902414 0.5690522578740402 0.8218548964517859 -0.027093486056264743 -0.043985695768888486 -0.002478565421858667 -0.9990290863038855 -0.04126738239397165 -0.016133912311027065 0.22736817831226513 4.0176178650597194e-07 1.6646989703057304 -1.5524755792029055e-07 1.6639297108769195 1.648571151212722
-0.7331395133508278 0.6766065846472584 -0.06862932008758348 0.6776829553595253 0.7352901694546587 0.00970457204205688 0.05702864174159665 -0.039394115237076754 -0.9975950269051047 -0.061265913179421705 -0.0032599385652090224 0.2403532798082072 0.0 1.73578 0.0 1.73578 1.73578
-0.750894044471316 0.65574093990591 0.07849811277236544 0.653380592535731 0.7203095251141127 0.23291197763863242 0.09618698079868454 0.22618136033103017 -0.9693245364498095 -0.0691930730360934 -0.05090409005996557 0.24057991047931998 4.0505635823251396e-07 1.7143736076848688 -1.592267500072353e-07 1.7184344842512118 1.704484428008909
-0.8514360284618555 0.5231900154220402 0.03645404229694683 0.5218521820383384 0.8382348318872936 0.15821715050115662 0.05222058539433791 0.15373540377403605 -0.986731187349172 -0.06403941779973688 -0.04246920591543585 0.24169887228824855 4.049900184099897e-07 1.7104353500542544 -1.5988258539323397e-07 1.7154700686476954 1.702158399654758
-0.7271391145236101 0.6860193384128748 -0.025419981380431715 0.6822756901447162 0.7262762734138253 0.08380129661095626 0.07595123940641807 0.043591765273821255 -0.9961582039179024 -0.06415457612094161 -0.01850949216493336 0.23956985367041977 4.0506383669480783e-07 1.697718747766177 -1.605117834202474e-07 1.7019962793761048 1.6900396434031864
-0.9038512183347258 0.4277753409537673 -0.007825138127849287 0.4277242236633243 0.903878862358357 0.0074155696590843066 0.010245174788078603 0.0033555705402167285 -0.999941886581371 -0.055650750337322114 -0.019000562888527278 0.23608912581326322 4.0681853352708686e-07 1.68784850614868 -1.628173897927354e-07 1.6864999835635839 1.6753978586343194
-0.7682645638544072 0.6400980626438587 0.0066355199627877995 0.6365324414676078 0.7628051028192697 0.11381926933595218 0.06779388530600888 0.09166703503693296 -0.9934793122167432 -0.06379483285425888 -0.028842084526863404 0.23957796258458094 4.072542676425428e-07 1.700725746832795 -1.6368993893678407e-07 1.7063842326373697 1.694846877311602
-0.9030490730727373 0.4295370489329663 0.0005433382266920281 0.42953116897357885 0.9030284569457214 0.006525398564101684 0.002312250561886332 0.006126135828401266 -0.9999785617487761 -0.051571681849790996 -0.021114431316725538 0.2277980023785796 4.091221947888357e-07 1.6626451165676928 -1.6599908736480984e-07 1.6610713440398746 1.6465888423067305
-0.6908135998369036 0.7221270044592273 -0.03618231213067479 0.7183981406682974 0.6911824550389797 0.07855523744870206 0.081735437630881 0.028273720608223862 -0.9962529372394625 -0.06208798718353256 -0.017685368907993562 0.22813519716793504 4.109463516144274e-07 1.6699602269911402 -1.6802855729025623e-07 1.6704166193034018 1.6575678156917935
-0.9751472522132139 0.22154659510848454 0.002223217680803338 0.2192027445469674 0.9661927076829442 -0.13572696269856685 -0.03221790316106773 -0.1318664393093954 -0.9907437856982831 -0.053303847890783435 0.0006126971068466242 0.24498520519897687 4.1137846640282305e-07 1.726770618479689 -1.6842350980539322e-07 1.7226891585776842 1.713846819122054
-0.9048933318261414 0.42563841115713624 -3.105179418605691e-05 0.42385360172645437 0.9010922066771857 -0.09154757981046237 -0.03893818588606193 -0.08285395593011471 -0.9958007027847656 -0.05106682373140298 -0.0006431697562552519 0.2510330330604497 4.125868295901114e-07 1.743473717768297 -1.714585167178484e-07 1.7427753966039852 1.7266433708703053
-0.4826176465542473 0.8750000944711215 -0.038145011600052466 0.8734411460492211 0.48405928978967955 0.05279363935678809 0.06465888664880438 -0.007838280668603887 -0.9978766405390486 -0.055326379189081426 -0.002752307639373522 0.2434971207825367 4.124297534602306e-07 1.71189235647189 -1.7250207395846928e-07 1.7162543670297605 1.7038353522355445
-0.7621229323822795 0.6468703031429506 0.026971222604527192 0.6466404671981189 0.7625897611742446 -0.017690741477037062 -0.032011593506638306 0.003958164215399625 -0.9994796600317636 -0.04281904895646052 -0.014563218933739783 0.23200183816672887 4.141183511663371e-07 1.6769704701050445 -1.7487774428559533e-07 1.678541581793822 1.660893285531782
-0.8434150031471099 0.5371353148297965 -0.011695555953282866 0.5351193205279341 0.8379087757526684 -0.1074997502991858 -0.04794210325051561 -0.0969254201918185 -0.9941363174417059 -0.047936359018337094 0.004333704017302417 0.2503511930794967 4.153809767259986e-07 1.7415475065672217 -1.772648579034808e-07 1.7398301447567013 1.7254044370172092
-0.6977797260744198 0.7162064532220009 -0.012319506591980306 0.7158064040350971 0.6965373638483257 -0.049567052621361504 -0.02691924630912358 -0.04340526611354208 -0.9986948167742542 -0.045195104083747634 -0.0010709814192570444 0.2429585811227447 4.169666310005482e-07 1.7175665060026573 -1.8117443900678154e-07 1.7158707112298286 1.6991023298165056
-0.8554878825431047 0.516690088989239 0.03423207212845255 0.5141590231884259 0.8397267529056321 0.17464100128116336 0.06148968771947725 0.167003989158511 -0.9840369332038839 -0.06617198753734146 -0.045042509416114304 0.24158264383402614 4.167918632447254e-07 1.7179834923332251 -1.821347099806303e-07 1.7226585092811444 1.7077067512026405
-0.8258398949374394 0.5638003588541722 -0.010845426945312552 0.5636361343986421 0.8258874219283836 0.014975790484772242 0.017400457749016298 0.006254730721190566 -0.9998290365926217 -0.058496041438103025 -0.013080287202827584 0.24961138841638963 4.1733506606078663e-07 1.7359773963259189 -1.832393357048545e-07 1.7378366140029824 1.7266840353784731
-0.8092238749588944 0.5870513422405079 0.022966100455451586 0.5874035042959492 0.8077620343955649 0.04977568613266191 0.010669739329092931 0.05377004149855542 -0.9984963391519734 -0.05557110061712284 -0.021757016802324614 0.2465772279606493 4.188080122702331e-07 1.7248865235623274 -1.8592197914557573e-07 1.7264415247511629 1.708233703595229
-0.9196158691957189 0.38975173514435824 -0.04899222464191845 0.36954316527547937 0.8160774238800683 -0.444359637266315 -0.1332084911767335 -0.42674491582821855 -0.8945078393693289 -0.04059639657314451 0.06243399753082941 0.24921344624920885 4.187131610322581e-07 1.790178071107654 -1.828335030040762e-07 1.7806026184755757 1.7736332319391064
-0.9930683374656691 0.11744545378654561 0.004673596906464985 0.09732012760109189 0.7992995131554514 0.5930000683247559 0.06590955838783122 0.5893444270155868 -0.8051888452150777 -0.07378157241629735 -0.1354572426716299 0.21290432011512483 0.0 1.74791 0.0 1.74791 1.74791
-0.053051477408405046 -0.9985907138819539 0.0014583872995304547 -0.9944524843405816 0.052964352542748463 0.09087922616622779 -0.09082839387344913 0.0033709803407021596 -0.9958608534117165 -0.01467610113855497 -0.05737889173253441 0.23769369394901355 9.906251552393996e-08 1.6949227965549918 -5.4260702597730415e-09 1.6948713246776892 1.6837364359293927
0.013322442697974175 -0.9999106429876506 -0.0011038843156339674 -0.9956397013911819 -0.013367457429711052 0.09231953257866538 -0.09232603930764924 -0.00013085063229482496 -0.9957288211877139 -0.012663783386975921 -0.057544707356441016 0.23722102313914686 0.0 1.72343 0.0 1.72343 1.72343
0.025951102839571406 -0.9996584627578516 0.0030818984439554124 -0.9965710906087223 -0.025628413543055315 0.07867175975029014 -0.0785659062466107 -0.005112949821287809 -0.9968958100623022 -0.014244165980065088 -0.05601676331002517 0.23691843937965884 1.0565191210787361e-07 1.6953650910979663 -1.149859851778956e-08 1.696184910113062 1.6796155906656418
-0.0019515473297475811 -0.9999979521534732 0.0005358655423804389 -0.9947078516431848 0.0019962700124678753 0.10272441182813924 -0.10272527119662224 -0.0003325581108277614 -0.9947097104495779 -0.011396788321819229 -0.057102154917986536 0.23703773583986715 1.081664455782061e-07 1.6975175530703313 -1.4270777448643912e-08 1.7003103668418573 1.6817724574139286
0.0026397260282554433 -0.9999828564145684 -0.005226731622760249 -0.9947146196182081 -0.003162245428994381 0.1026295557899879 -0.10264432455961309 0.004928192448293305 -0.9947059141047133 -0.011007260523618431 -0.057986711129539126 0.23655733036953247 1.0927405291738523e-07 1.6940200338140396 -1.5557476196192965e-08 1.696128200469258 1.6835315336620225
0.023035063775942305 -0.9997283465843197 0.0035523052544325024 -0.9974766453266536 -0.022744211467608164 0.06725357144867321 -0.06715450740436815 -0.005092531835847674 -0.9977295917505792 -0.016811334054446042 -0.056287925978173114 0.2380561955205998 1.1147658263155336e-07 1.6989457441799374 -1.770280366741872e-08 1.7007362917245015 1.685461521870244
-0.042274301403607516 -0.9990948809522546 -0.004722530660284868 -0.9915113236366335 0.04137078098591379 0.12326294488185284 -0.1229560024609132 0.00989329750972535 -0.9923628087162556 -0.008862159859340635 -0.059256189639652374 0.23800633541529398 1.1471669658646988e-07 1.7009898489461968 -2.0551013335534662e-08 1.7030298099365613 1.6852789497046503
-0.0183550598120503 -0.9998035787608958 0.0074763410971925475 -0.9960973871774331 0.018931656069835396 0.0862066566846454 -0.08633126338463319 -0.005864835492917206 -0.9962492241738783 -0.014659193706243828 -0.05575514874543455 0.23678429874645773 1.1681646228112186e-07 1.6948686527394106 -2.3013747352251812e-08 1.6960951471155763 1.6797934747909276
-0.035429442286292 -0.9993584953316565 0.005229954849665725 -0.9944624850963123 0.03577300447215079 0.09881628351188874 -0.09893998360293377 -0.0016999880831097556 -0.995091950366984 -0.012804474374019603 -0.05681913826244889 0.23798621463887748 1.1926944232243386e-07 1.7005019235289351 -2.5779519852164867e-08 1.7019210677927408 1.6830409561790614
-0.013731285671079313 -0.9998481952612652 -0.010725587471553357 -0.9954754500607109 0.012661031984883855 0.09417179299292736 -0.09402170026246187 0.011970158807153724 -0.9954981844171727 -0.01299992807430636 -0.05892280967577651 0.23594258629424522 1.209910474031517e-07 1.6921575790532257 -2.7589879714184917e-08 1.6942932649412459 1.678098654243409
-0.03521831683340376 -0.9993371732593803 -0.009213267681635271 -0.9932387548963671 0.03398000018356186 0.11100511411389935 -0.11061847011840595 0.013060387799625811 -0.9937771281022656 -0.010743187579349084 -0.06000554954475437 0.23833561400288858 1.2334746202213864e-07 1.7038576135133408 -3.0370008730074005e-08 1.7055942550819507 1.6881576075239533
-0.13955880292191078 -0.9901852972782471 -0.00751116375752745 -0.9795369560044124 0.1369391567980938 0.1474958275919593 -0.14501962745991714 0.027941803617809496 -0.9890341567721364 -0.007412185024622042 -0.06281164411710974 0.2380655876758461 1.2433847906834217e-07 1.6968379884397882 -3.144837279478452e-08 1.7031366376336488 1.6866889515370413
-0.05178454232534146 -0.9986351462413394 0.0067974898082622855 -0.9932046482573846 0.052210930550022294 0.10401223683310246 -0.10422517860900775 -0.001365072393411082 -0.9945527883030045 -0.011816953095808908 -0.05627120627185425 0.23535526460800227 1.2796101334089371e-07 1.6964314225843982 -3.509002155510643e-08 1.6955639128200106 1.6770093999265514
-0.13468705821586385 -0.9908844664293865 -0.0027148734973153395 -0.9821159408583365 0.13313042069164938 0.13313365389115117 -0.13155863734890577 0.02059770073125535 -0.9910943747512063 -0.009375705040140625 -0.06042476615939618 0.2355542998836878 1.284344763874401e-07 1.6943456991676493 -3.575875684447283e-08 1.6987889480041751 1.685079925915944
-0.022235340107234762 -0.999686469687888 -0.011513121787040644 -0.9954441011658546 0.021070041853888322 0.09298975637337578 -0.09271801930811495 0.013528328028364608 -0.9956004988128206 -0.013227672549840502 -0.0596199673192927 0.237161823596528 0.0 1.7258385200729878 0.0 1.7258385200729878 1.7258385200729878
-0.12274216483335743 -0.9923832188738105 0.01048369542077785 -0.9893762384737522 0.12318580710009443 0.07720049010613367 -0.07790391335196079 -0.0008965638588906476 -0.9969604688540549 -0.018399319064423325 -0.057167140525153676 0.23844197878972018 1.3462413317455457e-07 1.7000671640793898 -3.96265766866577e-08 1.7016830002241417 1.6829030356953005
-0.026647177123712357 -0.999616265477376 -0.0075663560847734485 -0.9955982207926285 0.02585817996056528 0.09008627688876711 -0.08985605547702445 0.009933595632554706 -0.9959052228861534 -0.014600708144191649 -0.05980568257371438 0.2399228553582316 1.3632285433828883e-07 1.706949593895387 -4.213075310843806e-08 1.7090025314996122 1.6897096204459432
-0.07429782316375588 -0.9970225505628902 -0.02063654869875825 -0.9928035283460988 0.07200279540352804 0.09569091679785816 -0.09392011273771023 0.027597665175638227 -0.9951971569996515 -0.014137864185870597 -0.06296099558083038 0.23933742054253462 1.377274241320947e-07 1.7051760524998283 -4.388985974657089e-08 1.7060800518264347 1.691551122038951
-0.09078488757614098 -0.9957385767046021 -0.016210831258158788 -0.988388863548157 0.0880993307633795 0.12379807079687091 -0.12184235142908995 0.027261599023859568 -0.9921750080590078 -0.01049450300968538 -0.06337349999426078 0.23952558894841441 1.409010499386909e-07 1.7070067716918471 -4.6096535477602174e-08 1.7121847168450515 1.693466945587267
-0.035322538560017026 -0.9990806685546135 0.02429271475448039 -0.9976630568378968 0.036674163186401175 0.05764920446494136 -0.058487120723621736 -0.02219962781317879 -0.9980412983611534 -0.020009813114800323 -0.05293267809754218 0.2380854566777474 0.0 1.72177 0.0 1.72177 1.72177
-0.17051329577345692 -0.9847348342221623 -0.034964585424741824 -0.9701075300564209 0.16155067316993896 0.18108771390177145 -0.17267482761625638 0.06479727052731493 -0.9828452155044078 -0.002968624887218163 -0.06916984914801416 0.23452798841093048 1.436400616228184e-07 1.6981054980329802 -4.932044106453759e-08 1.7024082540434016 1.6898905298634475
-0.1352866660801136 -0.9904122482364605 -0.027948104124025798 -0.9827108593804421 0.13052938626581065 0.13130668747944144 -0.12639970267639383 0.045228949404892485 -0.9909477570987528 -0.010521960620499593 -0.06451499234310318 0.23365431217232438 1.4555849503494755e-07 1.6856116191187631 -5.065068631182612e-08 1.6911215767261796 1.675347402077703
-0.14258727386000902 -0.9895855597156664 0.019730416503509374 -0.9894124898174458 0.1430505048576362 0.024484240915701352 -0.027051697292656014 -0.016030379353170886 -0.9995054940376166 -0.028776539380375915 -0.05482639757161775 0.24141749063048326 1.462819660957848e-07 1.6996756316086747 -5.144531378675765e-08 1.7017872468592374 1.6896804653479656
-0.3800603034268605 -0.9249064900769621 -0.010106946749501088 -0.9122865261376998 0.37302703824566796 0.16906839729906117 -0.15260229351713894 0.07347661771733521 -0.9855524981765963 -0.01288337077489829 -0.06954992810187197 0.237536009499547 1.4724921815201242e-07 1.7042060608526617 -5.279449322159735e-08 1.707969123803048 1.6958935269246753
-0.2790213059798421 -0.9601909845700335 0.01343070957668148 -0.9554364229283784 0.27898905085612075 0.09646943165700611 -0.09637609948077484 0.014084837692736506 -0.9952453289496219 -0.01995854089633864 -0.05837590625336925 0.23658187259871744 1.502557447352615e-07 1.694570795949681 -5.511763490062549e-08 1.698615446631944 1.6800556234555195
-0.30688481836373604 -0.9516222450963991 -0.015388661265546931 -0.9493680460542367 0.3049354149253865 0.0755956735233096 -0.06724597674967052 0.03780866781534796 -0.9970198008309621 -0.024979169670563656 -0.06259775090551367 0.23726672908004653 1.5188864743720387e-07 1.6948805380596497 -5.5857213965282426e-08 1.6966681812691151 1.688335999586787
-0.20606470848189243 -0.9775683220126241 0.043560437505779724 -0.9722430771203346 0.209577429379694 0.10402259411388595 -0.11081847729442788 -0.020915948269719195 -0.993620545378427 -0.015491925803552575 -0.052651274601975384 0.23835721321829173 1.5367366312801778e-07 1.6989696320738208 -5.688335757980667e-08 1.700818459689149 1.6846394791300359
-0.18899686174941 -0.9817683130875555 0.020277220373848038 -0.9805122872512709 0.18980226848154474 0.050702597848046774 -0.053626866383890165 -0.010299431852036587 -0.9985079273122321 -0.025151663442312705 -0.05534552853503133 0.24002090448992577 1.549229224906412e-07 1.6957229028493304 -5.7626881933003915e-08 1.6959519553674172 1.6844692784399449
-0.30193978343123884 -0.9530266671600933 0.02392778433581714 -0.9450686956496998 0.30252643144377867 0.12378577778108538 -0.12520993444799883 0.014762451003050354 -0.9920204344447298 -0.014763132819961639 -0.056864751614213116 0.2315144133230842 0.0 1.708345643526856 0.0 1.708345643526856 1.708345643526856
-0.14643626505367155 -0.9889101380151328 -0.02476205177326196 -0.9888256574161725 0.14562517721162282 0.03189242853026703 -0.02793276772189948 0.029155560241132514 -0.9991845243969805 -0.028579146031441294 -0.06333822379245355 0.24160475692583694 1.5847659007306447e-07 1.703031215574935 -6.088820736493972e-08 1.7051393603972684 1.696082579663324
-0.2261641818220767 -0.9740710317749967 -0.005948774457321135 -0.9717721098179962 0.22520101698229777 0.0703098039395587 -0.06714707320971663 0.021682412387283276 -0.9975074654118818 -0.02433065288892669 -0.06138448954738915 0.24051642846851415 1.602655386179208e-07 1.7103940494891523 -6.36137205134446e-08 1.7122279796578992 1.696139824513561
-0.4099782767487276 -0.9119665176830731 0.015325900272184301 -0.8982926255138225 0.4066292489240006 0.16650229087609178 -0.15807647371328598 0.054495179094232064 -0.9859219562997166 -0.013396710867964484 -0.06541571925836434 0.23874299466762045 1.6040144323881123e-07 1.7090390971867224 -6.487313175540521e-08 1.7124738699456792 1.7005881612527096
-0.17801777863647736 -0.9833290157453185 -0.037063692242913254 -0.9826110330479179 0.1756153704775264 0.06028929742951931 -0.05277526145684175 0.047151759727336005 -0.9974925981343308 -0.024761808202407976 -0.06655666374192393 0.2395414282689769 1.622227738806714e-07 1.7059332326091026 -6.655703810309888e-08 1.706610419240067 1.6917237177264326
-0.3212713416454671 -0.9463514636703313 0.034693403498985566 -0.9398692152995989 0.3231258617645478 0.110614355266548 -0.1158903929126026 0.00292996039906828 -0.9932576866869052 -0.01771521092358022 -0.05596407466834727 0.23739847872751701 1.650612198034196e-07 1.695352598998582 -6.904801885809775e-08 1.6996811022316596 1.679587224295907
-0.21507765488556546 -0.9726494082899115 -0.08771961537883383 -0.9756327914390815 0.21000650007431285 0.06354467873333787 -0.043385004756379825 0.09924917369843722 -0.994116362848166 -0.02754201736189804 -0.07582188831606668 0.23704931943876778 0.0 1.72936 0.0 1.72936 1.72936
-0.333387217704729 -0.9421320105472945 0.03521700971423036 -0.9379492937545441 0.3352244099324634 0.08874523835555372 -0.0954153311394554 -0.003445241289708247 -0.9954315872504769 -0.021461135062375403 -0.05475604647372306 0.23746078037544038 1.686539601308823e-07 1.6957624404513076 -7.179677830038145e-08 1.6986565342505937 1.6797455796676237
