0.9998270118106874 0.018371977389579932 0.002901189498850927 -0.0018930444764105935 -0.054655564134988364 0.9985034730493912 0.018503049379002653 -0.998336235822322 -0.054611330397594714 -0.02789280143048368 0.14159605869817518 0.02905324468538062 0.0 1.6662 0.0 1.6662 1.6662
0.9999864815891668 0.004705565144776328 0.0022123054914077018 -0.0021996397903100585 -0.0026951172836272553 0.9999939489455025 0.004711499093911753 -0.9999852968916572 -0.0026847303015962256 -0.025651606809764225 0.14992984065628776 0.02276567463275303 0.0 1.66135 0.0 1.66135 1.66135
0.9999931343703873 -0.0004847954501670063 0.003673715484353759 -0.0036743994218238056 -0.0014175074612642006 0.9999922447006707 -0.0004795841713235435 -0.9999988778223547 -0.0014192790613047949 -0.024519921380341564 0.15006533973009725 0.022589311236313192 0.0 1.66424 0.0 1.66424 1.66424
