0.9997991667937989 0.019904112054930412 0.002335037843432886 -0.0012544688472477029 -0.054129306226325294 0.9985331464279831 0.020001309615542053 -0.9983355370469197 -0.05409346617570138 -0.028233499734110094 0.14128325059281766 0.028986262662654916 0.0 1.66019 0.0 1.66019 1.66019
0.9992505845189453 0.03868091042938428 0.001434052613942513 -0.00215788577041277 0.01867767576533526 0.9998232283543961 0.03864728797144056 -0.9990770398704791 0.018747147412168784 -0.03209075450743949 0.14977605541482641 0.02507782542010234 -7.319549411022308e-10 1.6279652279862562 -7.154863368441511e-10 1.6275546854774392 1.6265579572340192
0.9985377658761492 0.054051798394606616 0.0008562764608516186 -0.0010802638213832198 0.004114858662202993 0.9999909504431859 0.054047785793173965 -0.9985296545563876 0.0041672319777386925 -0.03460654411245194 0.14840655787921192 0.026718732842771348 -6.589226941855486e-10 1.637804573692459 -8.179883437264834e-10 1.6377407702121225 1.6334598275609498
0.9979936143850326 0.06024770395445328 -0.019466890221994076 0.017896038723067696 0.026503925498447968 0.9994885060525683 0.060732836626664136 -0.99783152691293 0.0253725531606429 -0.03903019078436039 0.15008815868152278 0.03070323162266525 0.0 1.59863 0.0 1.59863 1.59863
0.9989104106274281 0.046240402962072866 -0.006310045486998839 0.003624936883010986 0.05792385139185435 0.9983144230514394 0.04652796334181262 -0.997249543782217 0.057693119636776834 -0.037719036540877826 0.15025758934882008 0.030898012167674627 -6.56703136314718e-10 1.5797507030903875 -7.401785850902343e-10 1.5797580789269974 1.5797580923664665
0.9994227235923785 0.033860568077056424 0.00277155131494901 -0.0028716690177826142 0.0029084894977108137 0.9999916470680613 0.033852224214143974 -0.9994223344604325 0.003004046839613375 -0.030849224113640574 0.1456877854711527 0.0377078233554996 -2.8608049262857094e-10 1.6451582378071672 -1.0352794177492797e-09 1.6439877882837388 1.6393849601683632
0.9998393578133701 0.017726970786280164 0.0026482209292649356 -0.0026808514180025576 0.0018172151483023258 0.9999947553686367 0.01772206542766448 -0.999841213511349 0.0018644466016566148 -0.027367222727821366 0.1456721361804355 0.0360722853397904 -2.7540902891587393e-10 1.617906401481977 -9.994245431244053e-10 1.617904205004769 1.617901087625146
0.9987079748366158 0.049571026633469746 -0.011184557043068165 0.010186513781673956 0.020340713701520144 0.9997412116658433 0.04978570010275621 -0.9985634525079599 0.01980947704160301 -0.027184667109942703 0.14467901735393615 0.035690833590143634 0.0 1.56468 0.0 1.56468 1.56468
0.9992536907928364 0.03787350174594823 -0.0075933722675875295 0.007327231668832722 0.007160954947935666 0.9999475148228056 0.03792588974520922 -0.9992568831835652 0.006878102739923439 -0.030469301408820648 0.14872943441026687 0.032007664635356925 0.0 1.58593 0.0 1.58593 1.58593
0.9992473317027044 0.02609439499103362 -0.02870283322386641 0.029076838639503257 -0.014068078413184273 0.9994781771627096 0.02567698463132812 -0.9995604892750675 -0.014816232329108548 -0.02598100135547449 0.1495874743723183 0.02798571727033558 0.0 1.56464 0.0 1.56464 1.56464
