0.9816228508146313 0.1908191409011356 0.0021527248567246504 -0.0033307728255063305 0.005853116575370414 0.9999773232322522 0.19080221359025445 -0.9816077610186809 0.006381128187965443 -0.04611956294889031 0.1739732781499089 -0.05344232652288902 -2.1731363375465662e-09 1.4017844681193399 1.2764767021167245e-09 1.400334165854864 1.3927171024537754
0.9796475134891672 0.2006946613129326 -0.0035216807037787034 0.0039934831275596555 -0.0019460401191589848 0.9999901324614981 0.20068582761869855 -0.9796519105520808 -0.002707904107628758 -0.047750671290618066 0.1718449262285734 -0.05345423738022037 -2.454021874598311e-09 1.3965435606462178 1.6076411313292738e-09 1.3982211396778563 1.3898684315860566
0.9795975933540776 0.20003814802324024 -0.019320828924554376 0.022736343315488614 -0.014790913097319152 0.9996320761071986 0.19967877650751945 -0.9796764609937201 -0.019037278883294068 -0.04757602057303657 0.17208895981791178 -0.05220906865216257 -2.4661872544129437e-09 1.3927464291252623 1.6168302252594913e-09 1.3996668778729582 1.388495170143437
0.9786398714686773 0.20478943469111205 -0.01803578139880627 0.019640765735896515 -0.005807127216228961 0.9997902367971006 0.20464174132634427 -0.9787888253920707 -0.00970530754444738 -0.04832186997622548 0.1714509080889559 -0.05198270439569856 -2.2638184660195293e-09 1.3960846429763505 1.3829488665351164e-09 1.4016470217057115 1.3897647320767783
0.9780258345211251 0.20527017465683717 -0.03646398779080641 0.03565994938576347 0.0076162355395635855 0.9993349593434679 0.2054113799648435 -0.9786757115370532 0.00012895108082148794 -0.048454597786038466 0.17159995107095816 -0.05070626563914099 -2.0055734850643603e-09 1.3876034861421411 1.1668710442336305e-09 1.3981675947626266 1.3849579901048656
0.978536305443966 0.20406379985641437 -0.028716972616107832 0.028925628745582622 0.0019607757969070825 0.9995796433301086 0.20403432782192746 -0.9789556276698324 -0.003983983410950114 -0.04821194694413203 0.17191056232449226 -0.05245604346784996 -1.8448584881980423e-09 1.3923374855345472 1.1225971263684187e-09 1.401307883777191 1.388028117359184
0.9789575023361026 0.20240071698806664 -0.026003045640382017 0.023849652903428612 0.013071250490494908 0.9996300998204288 0.2026657412495886 -0.9792155493931514 0.007969011885013975 -0.04807396006054905 0.17240637136798753 -0.051295122509909905 -1.7088481740756833e-09 1.3914089587500795 9.42131705983229e-10 1.3991161061123627 1.3874117803701562
0.9794931762953596 0.20118833975834644 -0.01078747125639108 0.010798901206978677 0.0010407479611572422 0.9999411485564553 0.20118772657284348 -0.9795520245443636 -0.0011532074788496174 -0.04781666318729079 0.1735717111652792 -0.052412822281578925 -1.5716583590119626e-09 1.3963533641802561 7.150999792315815e-10 1.3999401146408372 1.38984656673897
0.9793478459274954 0.20193218092275086 -0.010059372990205217 0.008804695574336042 0.0071106501986120795 0.9999359559439776 0.20199077704939383 -0.9793736942360328 0.005185848575468087 -0.04790430441182998 0.17344967053919358 -0.05221162368451225 -1.6104788613802157e-09 1.3982268729115983 4.597096037173287e-10 1.4015136543780615 1.3906335540151513
0.9793119578287708 0.20136230010082357 -0.0200328068848527 0.01837064220941838 0.01012011991037257 0.999780027144878 0.2015207402685725 -0.9794645513090842 0.0062115996732711246 -0.04792511868981596 0.17358355618844293 -0.052186511977931976 -1.324403697822163e-09 1.3918635502330607 1.4995649166849034e-10 1.3982046791692646 1.387742441253791
0.9790556974695027 0.20316142345074711 -0.013243008493984994 0.014154925500785787 -0.0030362052251368516 0.9998952042798775 0.20309992451148948 -0.9791405504212851 -0.005848348837935828 -0.048131027407546725 0.1729007293941988 -0.05149095460732665 -9.200640249673597e-10 1.3965832438145007 -3.50932616299815e-10 1.401030086551292 1.3901298763741075
0.9802159353182932 0.19734777022598268 -0.015184786298008509 0.016817388174923474 -0.006599333527850611 0.9998367988086666 0.19721535336544513 -0.9803113313554123 -0.009787645943825416 -0.047171025003386886 0.1740126456534552 -0.05203205208765785 -5.727640584041183e-10 1.3966087033863879 -8.893170644341808e-10 1.4022955906322254 1.390966627740756
0.9787229647955542 0.2038579063888334 -0.02330905799387341 0.023803209663193162 2.798882764442083e-05 0.9997166630732707 0.20380079830935446 -0.9790004868330694 -0.004825079178899709 -0.04820735119368683 0.1737689498847911 -0.05151815776568375 0.0 1.42065 0.0 1.42065 1.42065
0.9783363333510603 0.20426919942856075 -0.033646887077676116 0.0325609484533176 0.00867590385943657 0.9994320954062074 0.20444511116929018 -0.9788763062088267 0.0018367530971536675 -0.04826130326076522 0.17374287929945403 -0.050358675528230645 0.0 1.42073 0.0 1.42073 1.42073
0.9792563477878721 0.20042101814904156 -0.029806388598077587 0.03166839573564557 -0.006090139516969533 0.9994798761917093 0.20013524934076107 -0.9796909337565421 -0.012310819897391028 -0.047665770513941504 0.17406022825817008 -0.04996516006237421 0.0 1.41619 0.0 1.41619 1.41619
0.97877655865913 0.20228038726831538 -0.03284955320808396 0.03157528059653683 0.009524099449138936 0.9994559986237178 0.2024832088708601 -0.979281336724163 0.0029349052959823244 -0.04796822155020392 0.17585271449586573 -0.052189352244348244 4.5204107124163784e-10 1.3907134358807909 -1.8055192896326844e-09 1.400592459351743 1.3873823619423673
0.9775646337238222 0.20560333645431084 -0.04576740031141303 0.047646481935094645 -0.004194962624786192 0.9988554525294365 0.2051760211418926 -0.9786264202071351 -0.013897122757949744 -0.04835498782351277 0.17824298482860054 -0.050559252813933475 6.679510278218004e-10 1.3887388527719953 -2.029718615403908e-09 1.401822063081652 1.3863508309691186
0.9790645396826231 0.20218338202807815 -0.0235479758735556 0.02893631299309735 -0.023736074536975005 0.9992993988569895 0.20148279560900198 -0.9790599975472715 -0.029089590514783305 -0.04786732737881971 0.17981234470246443 -0.05213622121082037 7.968887771880873e-10 1.391569906303121 -2.1104638037172663e-09 1.4004576925877092 1.3882790636213453
0.981971582908834 0.18707129292618296 -0.027131931786094424 0.03286041579391219 -0.027588671154679695 0.9990791051252 0.1861504859874672 -0.981958856870717 -0.03323853155277123 -0.04524707553315555 0.18217815826698347 -0.052108263205683514 1.0745067058337554e-09 1.3973453392192656 -2.317745106950042e-09 1.406133598889907 1.39314784157874
0.9849114609094053 0.17065166153311528 -0.02876498888037736 0.03298304798746627 -0.02193337821883012 0.9992152147887693 0.16988682325229837 -0.9850872739691122 -0.0272310475256741 -0.04203346826923955 0.18362463381869526 -0.05429260885915427 1.5241212736327725e-09 1.4257207284104867 -2.8636391036229725e-09 1.4346182671600038 1.4132108897896867
