0.9992756626969311 0.03765176444730181 0.0055221893859294735 -0.005355626216419351 -0.0045232079846368595 0.9999754286268027 0.037675817302869154 -0.9992806839039432 -0.004318282879595633 -0.031137084485346807 0.13937631890361 0.022858650400017 -8.654774674710097e-10 1.6639646770948557 -8.066862733357993e-10 1.6640137587571866 1.6629698795350158
0.9995368884401133 0.030425136061198416 0.0005654583222183404 -0.0005725150477446073 0.00022322641171825973 0.9999998111982269 0.03042500409164653 -0.9995370234591747 0.00024054188121123456 -0.029651488443302197 0.13831701658601395 0.022522242671066894 -8.361853431892996e-10 1.656158398108941 -8.520011363088997e-10 1.6553114095477062 1.6476743017824855
0.9996527215700143 0.02628897128566468 0.0018237999903816858 -0.001611495141744896 -0.00809473914268195 0.9999659385607192 0.02630283903063605 -0.9996216110043606 -0.008049563464873018 -0.028978231470387864 0.13836820362491783 0.022779094650552445 0.0 1.679 0.0 1.679 1.679
0.999851409767194 0.017234096764123137 0.00037986218504916904 -0.0004377237524990818 0.0033537410999333116 0.9999942803929186 0.01723272423243893 -0.9998458572846916 0.0033607865402690233 -0.027435946158087216 0.13757181344777852 0.023160135472949123 -7.658131906396193e-10 1.6591637576586091 -8.245173432896991e-10 1.6579128763046374 1.6504229206709278
0.9998829902711736 0.015223758093158414 -0.0014976501250731624 0.001425015293629781 0.004780878359764255 0.9999875561893369 0.01523072873466858 -0.9998726820908901 0.00475862486237456 -0.02710619624298807 0.13713105573062212 0.023296407212669956 0.0 1.68143 0.0 1.68143 1.68143
0.9999931065022714 0.003582654558536571 0.0009754661713645891 -0.0009089016206872439 -0.018534538346141972 0.9998278075679529 0.003600117467693472 -0.9998218018600162 -0.01853115429780936 -0.025021277765255583 0.1384827946096427 0.022762398833106545 -8.635305803750271e-10 1.6586330243175391 -7.35419725117481e-10 1.657740087567082 1.6504415043610994
0.9999859855744718 0.005287016753814431 -0.0002758776848092886 0.00020670639226514666 0.013079320290544849 0.9999144406664026 0.00529017269278489 -0.9999004844656204 0.013078044131225656 -0.025385569143549603 0.13619716136941565 0.02238995948449979 -9.797362920949126e-10 1.662221818649689 -6.985292344552363e-10 1.6621527526773923 1.655923298887683
0.999899680535143 0.014157632414345781 -0.0004362455038059293 0.0005968932829405298 -0.011344838360499154 0.999935467098244 0.014151769646517917 -0.9998354144993038 -0.0113521508480764 -0.02701920620377837 0.13621460947064165 0.02471028228804731 0.0 1.68366 0.0 1.68366 1.68366
0.9998277032648928 0.01847530065783921 0.0017963990792622215 -0.0012167032254052001 -0.03134031354761345 0.999508031173336 0.018522511096253032 -0.9993380048874054 -0.03131243475601123 -0.027593937894742245 0.13428254975941623 0.022938257591397587 -9.107816723030737e-10 1.6609294144894315 -1.046109865399103e-09 1.661482493050622 1.655776119569489
0.9997252607306139 -0.023374286640668207 0.001745216647281226 -0.0020933798536452823 -0.014878960552424377 0.9998871107748454 -0.023345680925910467 -0.9996160559219321 -0.014923803978419883 -0.02072024615620964 0.13252983699293433 0.023635136362210846 0.0 1.68795 0.0 1.68795 1.68795
0.9999206140130434 0.012262124142960922 0.0028993073795055687 -0.0024586835483451 -0.03579738581654637 0.9993560436820855 0.012358015495512931 -0.9992838372955923 -0.03576439532284479 -0.026631929820474017 0.1333493095369047 0.024552817134241706 -9.446408100188819e-10 1.662647452866013 -1.5769305861113025e-09 1.6640196038625206 1.6575062379812033
0.9999812834397597 0.005816116905884777 0.001898829720708376 -0.0017287638648049684 -0.02910719206836555 0.9995748009755923 0.005868913500036329 -0.9995593750018217 -0.0290965925891114 -0.025471748952928096 0.13337061637511702 0.02176330566136231 -9.344507390096624e-10 1.664503451594153 -1.973364582852355e-09 1.6663127783559002 1.6576214256674984
0.9994377231752388 -0.03351921183602176 0.0008366194991125502 -0.0005991831600374482 0.007093008365113063 0.999974664785 -0.03352429676868889 -0.9994129034939586 0.007068935983621644 -0.01901587874460455 0.13099627002523934 0.025212807108779767 -1.0857759136229106e-09 1.6681864551608507 -2.1004487038567277e-09 1.6689086813970881 1.6629068761109966
0.999944922590462 -0.009907511249221714 0.003463092029020908 -0.003941040002897643 -0.0486354300384883 0.9988088221219649 -0.009727280670900963 -0.9987674585036388 -0.04867179722315235 -0.0228668943283669 0.13126176050221022 0.024187271874031524 0.0 1.68916 0.0 1.68916 1.68916
0.9997816944636679 0.020883849299472516 0.0006544110283673923 -7.935794031099785e-05 -0.02752473744218492 0.9996211194903079 0.020893949307740675 -0.9994029485983998 -0.02751707134034903 -0.027913994078299188 0.1332438676109336 0.025578831868395102 0.0 1.68586 0.0 1.68586 1.68586
0.9994815540153358 0.03195932842413564 0.0039018597831956547 -0.0022921980772596107 -0.05024857681016987 0.9987341119419758 0.03211493439295947 -0.998225266087385 -0.05014926852612323 -0.029550683937203476 0.12861322835825614 0.021893346995905866 0.0 1.68597 0.0 1.68597 1.68597
0.9984046128668173 0.05646296486023843 0.0004032436635269254 -0.0010549381368433267 0.01151265061379873 0.9999331707576123 0.05645454907966343 -0.998338315640062 0.011553848414090961 -0.03353633120658997 0.1258622232674267 0.022161678149824338 0.0 1.69048 0.0 1.69048 1.69048
0.9987859784388338 0.0491765321460335 0.002870184675566035 -0.0009285094350186436 -0.03946121391203942 0.9992206715569976 0.049251468447253435 -0.9980102611109158 -0.03936764627344131 -0.03220590804205594 0.12780163701659175 0.021554047354409217 -1.6319949835974512e-09 1.6675026749503168 -2.156115286311433e-09 1.6676355280897504 1.6587213598923807
0.9982837976661338 0.057872485256620754 0.008957386198227661 -0.005105844701243527 -0.06636042186033143 0.9977826540687134 0.05833857786378382 -0.9961159921719666 -0.06595104602726307 -0.03362826322877459 0.12101606885831886 0.022116281140741184 0.0 1.69846 0.0 1.69846 1.69846
0.9989894153309736 0.04419149655852199 0.008201200436363798 -0.005561370011697778 -0.059531323316530056 0.9982109459967746 0.044600663899456286 -0.997247779228463 -0.05922539661012692 -0.031500999338708945 0.12067424577098287 0.027159100306527365 -1.7300099131034585e-09 1.6769546736462875 -2.318927272426663e-09 1.6778669764900478 1.6722107457689477
0.9998057026985319 0.018744111027468858 0.006100422385757934 -0.0054411518572370365 -0.035024044360084765 0.999371657684532 0.01894599477359851 -0.9992106757928744 -0.034915249728249734 -0.027490265028163242 0.1261246846298554 0.023829632384560484 -1.4899423916858723e-09 1.672431201667778 -2.4009807475522393e-09 1.6711396222498927 1.6651736698938073
0.9997969307049489 0.020036296255455482 0.002155037198578836 -0.0018097347732284677 -0.017236033000244993 0.9998498107348248 0.020070431311115505 -0.9996506719843578 -0.01719627250911395 -0.027721402979738914 0.12054578259734369 0.028539046502465526 -1.3931069631212267e-09 1.6805795771060854 -2.5705189088398583e-09 1.6809632873334373 1.6738350990938402
0.9972894979484048 0.07306089436732363 -0.008704194165171169 0.0048703766953213 0.052489316418074826 0.9986096089527724 0.0734161883555929 -0.995945268263377 0.05199120994097088 -0.03629394791947133 0.12441243271861191 0.024832184017376496 -1.5763683691716324e-09 1.6702484600557463 -2.6498812033537433e-09 1.6708148177388065 1.664435416247123
0.9998191998414392 0.017234508460633093 -0.008033638437525414 0.007216634951752163 0.04695451302408722 0.9988709595771837 0.01759226558455928 -0.9987483393852485 0.04682164848455403 -0.027232110965046522 0.11822647216759218 0.022755362906349566 0.0 1.70856 0.0 1.70856 1.70856
0.9995655412842093 0.029341678204965395 -0.00279188060666442 0.0018087448806613626 0.03347974290936717 0.9994377595711899 0.029418652572174204 -0.9990085949254086 0.03341212573301452 -0.029098033037951502 0.11926191644359482 0.01899532439322993 0.0 1.70659 0.0 1.70659 1.70659
0.9997402259485646 0.02025604825541653 -0.010448594613014991 0.008920586657654377 0.0741099902377146 0.9972101746776599 0.020973882663831413 -0.9970443329441476 0.07391004255149464 -0.027701519927393375 0.12042029961207047 0.01883254320310851 0.0 1.70316 0.0 1.70316 1.70316
0.9994501576512033 0.029774365925366968 0.01459004813998551 -0.01134838307033028 -0.10627699677147395 0.9942718009472687 0.031154398929746495 -0.9938906816602007 -0.1058806702677488 -0.029262692662443277 0.12004103919308864 0.020463190823407057 0.0 1.70189 0.0 1.70189 1.70189
0.9999196278838532 0.008901388525843674 0.009027904237871406 -0.00838815302514874 -0.06946123809608568 0.9975493848882799 0.009506664054382394 -0.9975449371754993 -0.06938098914029864 -0.025911490735005573 0.11532148645110543 0.031582469273045616 -1.4060281827710241e-09 1.6915430204873205 -3.692624872542183e-09 1.6910586289082454 1.6871369495072432
0.9999345621811317 0.011415909994637128 0.0007405097046130002 1.5585349835471607e-05 -0.06608978554991674 0.9978136800039689 0.011439891289918465 -0.9977483737120098 -0.06608563869945186 -0.026247965493378184 0.11128170717386993 0.015595279260079697 0.0 1.72253 0.0 1.72253 1.72253
0.9999611626881724 0.005904142300124131 -0.00654325752345462 0.006259736294885573 0.0468245639934569 0.9988835146844406 0.006203935592577739 -0.9988856798005079 0.046785787079417634 -0.02533358294444358 0.11204902044891202 0.023854368781880297 0.0 1.72348 0.0 1.72348 1.72348
0.9999951306623548 0.0028139169825354225 -0.001349267503256521 0.0013021848998897578 0.016667291528442006 0.999860243087799 0.0028360123530133787 -0.9998571314264459 0.01666354612956772 -0.024930737777989383 0.1122240270247909 0.01855851420694815 -1.150727513277161e-09 1.7013117604205998 -4.673674780519832e-09 1.700366238310112 1.6953370527532723
0.9999912666974746 0.003971368818632092 0.0013018289005835033 -0.0012446319927321304 -0.014370947469482817 0.9998959579676437 0.003989664144093506 -0.9998888458716476 -0.014365879070964387 -0.025165825742395016 0.11159608972743912 0.024314096836287213 -8.369847037670297e-10 1.7029166677066332 -5.0031534470917904e-09 1.703160650278023 1.697240765536586
0.9999982465538716 0.001826768776096244 -0.00041207404784973645 0.0003481453425260156 0.034858737149307775 0.9993921889024228 0.001840022826681463 -0.999390579983719 0.034858040045348815 -0.02487857479011084 0.11168276914956422 0.025897673043256964 0.0 1.72318 0.0 1.72318 1.72318
0.9997846051904724 -0.006922513141863725 0.019565838492939414 -0.02026627088900744 -0.12238201669592297 0.992276131051076 -0.00447453778444612 -0.9924589265058981 -0.12249594977131287 -0.023944974430712102 0.11351771436491977 0.02449870386209034 0.0 1.71722 0.0 1.71722 1.71722
0.9999298576333175 0.011785343492640172 0.0011770693157331785 -0.0005487946826610579 -0.053171792871869766 0.9985852288448831 0.011831256814465634 -0.9985158316829792 -0.05316159554263488 -0.026275240752704956 0.1108056591928357 0.025765114864308547 -2.480575744812086e-10 1.7049950282909032 -5.500286448523184e-09 1.7060394938075598 1.7015945863676265
0.9999468981282458 0.004220789441092039 -0.00940137544158004 0.009111766142767874 0.06406172676516433 0.99790433954444 0.004814212444324326 -0.9979370120906225 0.0640198661212402 -0.025246749121796856 0.11154778509466806 0.021023968027116854 -1.4152945482237556e-10 1.7009075926044268 -5.842885286710953e-09 1.7006894341401262 1.6967335212544281
0.9999680129908368 0.00791701189286977 -0.001137505097101605 0.001404936126658183 -0.033856122601780746 0.9994257296652179 0.007873953875771954 -0.9993953591472503 -0.033866162541700336 -0.025763937077138976 0.11102582302572912 0.027330072450892542 -2.533324661158076e-10 1.7025178176960614 -5.965465454949026e-09 1.7035145056119196 1.6990617811616398
0.9999405796831816 0.00945030442107316 -0.0054340453818066195 0.004752845139354471 0.07066813342874298 0.9974885590224976 0.009810584383399575 -0.9974551151124779 0.07061901847243256 -0.02598276368805153 0.1116119136730658 0.026632910124938028 0.0 1.72316 0.0 1.72316 1.72316
0.9986035611152627 0.052015807823181895 0.009234904678292376 -0.006280170192385064 -0.056684185342861085 0.9983724067673198 0.05245462029478447 -0.9970362374901515 -0.05627836121647469 -0.03277442753191817 0.12338295630801113 0.024858301789362935 3.608713328162594e-10 1.6735734448352186 -6.121102735789918e-09 1.6721303180075537 1.6653118343559337
0.9996296247307945 0.020043020230602733 0.018408984236130122 -0.015938981026405695 -0.11709382097547978 0.9929929435666711 0.022058155961238404 -0.9929185839883339 -0.11673098700084629 -0.02772136228887463 0.12015347957189362 0.026361001231318987 0.0 1.70316 0.0 1.70316 1.70316
0.9998460413506067 -0.012266481505614428 0.012546992747016636 -0.013406331568572225 -0.0726853193818998 0.9972648166962598 -0.01132094825510535 -0.9972794882969485 -0.07283857736654105 -0.022823227445963643 0.11213820273242 0.02527669886623775 4.177893586643222e-10 1.7008449720497136 -5.7012599086192495e-09 1.7014030970991092 1.6964285635761724
0.9996994661216604 0.023436171508994495 0.007191891341512161 -0.0048799020523465075 -0.09725465935532969 0.9952475660807407 0.024024237595116876 -0.9949835561951162 -0.09711106481392115 -0.028374212574528608 0.12990454043217214 0.01775050279000892 0.0 1.68606 0.0 1.68606 1.68606
0.9998552540606844 0.011454971356723727 0.012579926806652528 -0.01152789033613695 -0.08768357288352022 0.9960816727511748 0.012513139959342626 -0.9960825139904811 -0.08753882938879674 -0.02646979758093078 0.11582346272469826 0.01451811116594301 0.0 1.70856 0.0 1.70856 1.70856
0.999954404585716 0.006644607631954162 0.006858421031377071 -0.0062231567479002076 -0.0913161321029744 0.9958025087023247 0.007243001430161605 -0.9957997857035167 -0.0912706180712784 -0.025603415337151714 0.11241092526930299 0.01860668432905563 3.893427802381666e-10 1.6944182343634004 -5.5975659662976796e-09 1.6956716419943882 1.6895001790636748
0.9995542691689923 -0.01669708674863231 0.02474813690261425 -0.026702952014785217 -0.1293465375089648 0.9912398426153672 -0.013349731822698437 -0.991458864768756 -0.1297347452755484 -0.022606465889945228 0.11433355124441637 0.028525732275593282 0.0 1.7163100000000002 0.0 1.7163100000000002 1.7163100000000002
0.9999687170245999 0.006995488969630469 0.0036916265049212194 -0.003777921552384815 0.012363016024907386 0.9999164380804588 0.006949264775505728 -0.9998991043944602 0.01238905768152905 -0.02558275784078262 0.11093657087076342 0.026965048124526908 0.0 1.72408 0.0 1.72408 1.72408
0.9999523526781923 0.00359735609224931 -0.009074767352058775 0.009014768866097141 0.016357855633046606 0.999825562036388 0.0037451723110266456 -0.9998597299562745 0.01632464689133449 -0.024235812369527626 0.11081287779811475 0.03131637936998345 0.0 1.7213800000000001 0.0 1.7213800000000001 1.7213800000000001
0.9995771829385148 0.022968637769239856 0.017829667067229646 -0.01392892739628715 -0.16000755631976127 0.987017510939987 0.025523329138099633 -0.9868485312344563 -0.1596199739071034 -0.028584969112061088 0.12257597661976793 0.02416306598367529 2.155647216284251e-09 1.6740402998837105 -6.8222298921227775e-09 1.6749488292831565 1.669856578437046
0.9999669018542503 0.0054589833164625555 0.006032801767262119 -0.005842178326569261 -0.034286031382143596 0.9993949854809475 0.005662521383011438 -0.9993971520637897 -0.03425300422406319 -0.025448215408682237 0.11131956818116248 0.02732074198579948 1.97948057945041e-09 1.7034185574063843 -6.451524647843598e-09 1.703920343384639 1.6992932723764982
0.9999852396879946 0.00391699722782648 -0.0037653072731483744 0.00351979266656105 0.06090221146219073 0.9981375314547586 0.004139017483467263 -0.9981360517342973 0.060887525508430296 -0.02523648481554973 0.11127200612104063 0.03126543281587402 0.0 1.72552 0.0 1.72552 1.72552
0.9998781783777458 0.013083024700142122 0.008512512478487826 -0.007576201578132338 -0.07002163240260455 0.9975167026999208 0.013646595679818659 -0.9974596761074455 -0.0699139826213724 -0.026539628240992492 0.11796615134451927 0.027341805545680775 2.6517996687402956e-09 1.6856081982593718 -6.860614298886958e-09 1.6852424628000646 1.6806960031126996
0.9998742528674229 0.006934950836315777 -0.014261308134612627 0.013691107095107319 0.07628408592547281 0.9969921222462219 0.008002002207122116 -0.9970620064426348 0.07617954626580717 -0.025638084943322096 0.1116496786550808 0.031020093822036937 2.6597932745175967e-09 1.701395185398118 -7.231064635959683e-09 1.7013354116974266 1.6973856392646471
0.999953858636764 -0.0023813258469608614 -0.00930644317970424 0.009432943483849723 0.06020154605300042 0.998141670019872 -0.0018166382900744009 -0.9981834015550645 0.06022123118372762 -0.02424282777079268 0.11165461929567903 0.029257812931246407 2.9110340804550106e-09 1.7018990734731734 -7.802047008453883e-09 1.701921235079329 1.6966489267267404
0.999951456919105 0.006485744041111113 0.007417474610178332 -0.006834606024750785 -0.0856872578005149 0.9962986409762461 0.007097321033029934 -0.9963009730873806 -0.08563877077172942 -0.025532121743084328 0.11202642860980389 0.027896204249769213 2.8360087611645213e-09 1.7005844269070414 -7.797786416574581e-09 1.7017384271037201 1.6966556643910868
0.9999532301799722 -0.0073230635517855195 0.006317451452597156 -0.006528265214623719 -0.029130448283626587 0.9995543000438157 -0.007135769469857156 -0.9995487930676578 -0.029176892758852636 -0.02342688991960277 0.11724333934003528 0.01529254418228676 0.0 1.71081 0.0 1.71081 1.71081
0.9995764557788168 0.024397541227976605 0.015864080013929582 -0.012772306032969138 -0.12203327546471397 0.9924438260566455 0.02614913480900198 -0.9922261030941398 -0.12166997611308311 -0.028383050287250553 0.1165425183810855 0.011403466812421187 3.625838296272832e-09 1.687238141259252 -8.101303627938705e-09 1.6865787015530458 1.6804449986812457
0.9997926980941205 -0.0073646171170584085 -0.018982182498275463 0.01975370084936158 0.12489173910026356 0.9919737117521138 -0.004934788793113371 -0.9921430420656242 0.12501132724811995 -0.023873067597428837 0.11449469242334838 0.02010111459414346 3.751422283926331e-09 1.6937890977941503 -8.631083403543016e-09 1.6951776574581068 1.690391388357546
0.9987154556086411 0.050541567400855476 0.0036039829479514868 -0.000392215347004482 -0.0634134972324171 0.9979872617102263 0.050668381615618194 -0.9967067163079714 -0.06331221660181446 -0.03302982245890901 0.13515483377149914 0.017530214676459127 3.930777481286896e-09 1.6579911898235622 -8.62908944299079e-09 1.6577006536827854 1.650459182361768
0.9995160581281665 0.03056454365764295 -0.005784307644998886 0.0012505301542297927 0.14631743383275508 0.9892369002068871 0.031081919475240197 -0.9887654005008456 0.14620840281645 -0.02998501595892496 0.1353394934831859 0.03340825128117661 0.0 1.68093 0.0 1.68093 1.68093
0.9998068115600289 -0.0017956071100811264 -0.01957333270741202 0.01964931469195679 0.11633277802202711 0.9930159058090733 0.0004939537481082334 -0.9932086691893017 0.11634558632329264 -0.024622538000193088 0.11509524410659022 0.029321091844986852 3.591030584004784e-09 1.6896611742757441 -9.021092317595958e-09 1.6925802786199382 1.6856548423888817
0.9995654384336867 -0.002376985850178915 0.02938169884706543 -0.029261280731862696 -0.20056699573443248 0.9792429002407907 0.0035653525495692416 -0.9796771050506041 -0.20054939067687308 -0.024921685020023086 0.11568058622016478 0.013787254722832223 3.5982434809511687e-09 1.6872693384821487 -8.854784461220788e-09 1.68617211152959 1.682633624291225
0.9994881330590825 0.018046977204763028 0.026415497115154354 -0.022475294006492643 -0.1915013391520311 0.9812349862608346 0.022766928501483916 -0.9813264205740868 -0.1909977048287722 -0.027993774939961233 0.12096800867393984 0.006950508242572512 0.0 1.69725 0.0 1.69725 1.69725
0.9999583777130998 0.008971509330126868 0.0016597776132695058 -0.0018707734291417283 0.023561433965488633 0.9997206404972675 0.008929896313109208 -0.9996821349058056 0.023577236945998434 -0.025972759773734977 0.11029763360071089 0.03322728509201048 4.368452266589884e-09 1.7073773801639032 -8.65023608298543e-09 1.706532726728109 1.7027415784307802
0.9989287709409778 -0.04416179918109904 0.013821941956039703 -0.02292521949521406 -0.21283370941098997 0.9768194543770382 -0.04019632940262217 -0.9760899280452834 -0.21361813469625965 -0.01778807769360479 0.12947536822231542 0.012166181451582853 4.769607819810062e-09 1.6632039580345932 -8.611002577652016e-09 1.6648676586680553 1.6596541773211655
0.9999749197894223 0.002717281899439597 0.006540349472090524 -0.0064512464537847015 -0.03159872033004287 0.9994798158505734 0.0029225350862953237 -0.9994969420926623 -0.03158039797226532 -0.024932339875869586 0.11268189901245121 0.015068804084415077 4.855662538716388e-09 1.6995676625907459 -8.692287778444552e-09 1.6996681527963835 1.6959783393856398
0.9997881323762507 0.02057079646071894 0.0007298579177093811 -0.0004964017731966253 -0.011351733490539247 0.999935443782267 0.020577753640471482 -0.9997239521386548 -0.011339117045900002 -0.027718371221641946 0.12176401989694555 0.013485542200636955 4.82491113729111e-09 1.6784425447074982 -8.829553976852367e-09 1.678600001328138 1.6731834049833685
0.9993175811252075 0.03146658726108135 0.019344920268764915 -0.012691882874109738 -0.19932062146260762 0.9798521347473146 0.03468844423109803 -0.9794289886183175 -0.1987852310684206 -0.029704514887714945 0.114063468550477 0.004837097666832962 4.494178362790535e-09 1.6853844807401543 -8.867683476410093e-09 1.6867020520340468 1.6813497584753136
0.9998099716882253 -0.010038772757216216 0.016710582105929475 -0.018178172321947864 -0.17050127138542553 0.9851897637039206 -0.007040920665907689 -0.9853063175974678 -0.17065135785775032 -0.023336359737309235 0.12600083429717196 0.013207494699299355 0.0 1.69356 0.0 1.69356 1.69356
0.9999852260823 0.002236542403209525 0.004954341046983862 -0.004807920472945176 -0.061306685150110576 0.9981073961536561 0.0025360437411483874 -0.9981164702748793 -0.06129502629218072 -0.024881324771790763 0.11173082407481232 0.03720736728384483 4.839817435708937e-09 1.6995393634000786 -9.522952204576995e-09 1.7011680677048915 1.6954896402822142
0.9999245702916618 -0.009368208954984506 0.007942945801872575 -0.008305326577147512 -0.039299351576819234 0.9991929656057875 -0.00904849586852226 -0.9991835655306874 -0.039374193273006015 -0.023019894446110425 0.11131812956387098 0.027520163445414123 0.0 1.7236500000000001 0.0 1.7236500000000001 1.7236500000000001
0.9999616785272323 0.008752071002090233 0.00020671278257591852 -5.4388696899776434e-05 -0.017401009590428455 0.9998485894909805 0.008754342857676903 -0.9998102850633256 -0.017399866744376328 -0.025869811905597603 0.11768543859653022 0.015547992894325305 4.836931744023332e-09 1.6877761806170275 -9.131251310634525e-09 1.6875730590288587 1.6826960480711328
0.9999150962747934 0.004358875049431138 0.012280083471794323 -0.011805709932855402 -0.09588209654503176 0.9953226857532741 0.005515927370086387 -0.99538315425289 -0.09582249618338731 -0.025299682619621813 0.11268712418195931 0.019435504938883102 4.844477707877104e-09 1.6969802089836712 -9.005133527750786e-09 1.6972518649660167 1.691730193378996
0.9997162078963789 -0.008916841441724645 0.022090577357487623 -0.022962588162987657 -0.11382003910045206 0.9932359831601092 -0.006342177397473361 -0.9934613674611986 -0.11399249162986246 -0.023554456007343016 0.11356171360949997 0.046236647198343944 5.50829604151204e-09 1.6959071006552957 -9.059389682875008e-09 1.6946990077893904 1.6905827167554754
0.9982905558288445 0.056865520317423424 0.013501064475278907 0.00226666874539648 -0.26849450616229653 0.9632785486937114 0.058402297521035734 -0.961601275352572 -0.2681644250913443 -0.03361214814753186 0.11646882339911957 0.04041050002688555 0.0 1.69231 0.0 1.69231 1.69231
0.999801240026739 0.006117980168556354 -0.018975003548154915 0.017691226359988182 0.1665830896520295 0.9858687005640576 0.009192439876061194 -0.9860084404104467 0.16644174502955666 -0.025884786789164733 0.11587689123717462 0.03470922696922678 4.666782515982959e-09 1.6885171425951606 -9.125298738865695e-09 1.688712873616094 1.6827395287047162
0.9986839889706927 0.04557647712371356 0.023517544654516637 -0.01323235280276125 -0.2140456619305492 0.9767340269735749 0.04954992444887103 -0.9757598266693011 -0.21316089145386524 -0.03237370521439545 0.12127140547131568 0.023718108465051818 4.691167454495826e-09 1.6719136256519667 -9.050062921289737e-09 1.6719063227714503 1.6663023387097322
0.9999662167327722 -0.0063788192129212605 0.0051842124373479015 -0.005559462303417445 -0.0602889918108596 0.9981654821948749 -0.006054566214318453 -0.9981605823372705 -0.0603224178566929 -0.0233258094284534 0.12129044213831668 0.016647686564433356 0.0 1.70115 0.0 1.70115 1.70115
0.9990728568215113 0.03631344192463657 0.023124893471978825 -0.01726853292004464 -0.15401880532689183 0.9879170032834066 0.0394363351909588 -0.9874003957570926 -0.15324892797485828 -0.030547446418676592 0.12137263122089467 0.02737998911471809 0.0 1.69413 0.0 1.69413 1.69413
0.9995525078459481 -0.01561740644407084 0.02551236317624453 -0.028384472031924388 -0.22605151280457836 0.9737017178305841 -0.009439587191440316 -0.9739901489105124 -0.22639364836260964 -0.022957282013202022 0.11670507211874886 0.012085625949006903 5.124125124211787e-09 1.6839594413015284 -8.946006602172929e-09 1.6832647102738845 1.680250092881809
0.9992282159930075 0.03623846068672971 0.01515738534470814 -0.007321449328917172 -0.2072919113996897 0.9782517364400574 0.03859234047263428 -0.9776077114238203 -0.20686660876401672 -0.030545925542313324 0.11383188683719 0.022598069356821793 0.0 1.70936 0.0 1.70936 1.70936
0.9997941736766282 -0.011108918077460225 0.016976519708602936 -0.0188074342303753 -0.19367786286993277 0.9808848891953661 -0.007608593821358457 -0.9810022820428522 -0.1938469291136122 -0.02321976842944748 0.12313728753528941 0.0102499966777653 4.59622917503566e-09 1.6759210703350549 -8.90957529975367e-09 1.6764285702525132 1.6719308260773946
0.9995522219458118 -0.01679810103627092 0.02476245958635878 -0.027018164481931922 -0.15101308923995657 0.988162469266179 -0.012859797479668613 -0.9883890280045505 -0.15139932274948184 -0.02255237132354432 0.11488882844542757 0.036651562037697316 5.197187569194739e-09 1.6927413122596233 -9.237667519812476e-09 1.6918331135982578 1.68891611163013
0.9999800871086729 0.0060941437903905245 0.001639145384916045 -0.0016634146636691077 0.003979460087458524 0.9999906984312751 0.0060875641916564235 -0.9999735123036382 0.003989517933045706 -0.02549390741910986 0.11106688400331713 0.015286627862637542 5.46674083778953e-09 1.7037827673391623 -9.386654120646654e-09 1.7036062449415894 1.6988497663085642
0.9988633386380075 0.038862084920254635 0.0276001645028499 -0.016707438978469814 -0.2568511554968022 0.9663065483596489 0.04464182128580964 -0.9656693131065149 -0.25590991680018454 -0.03165405887484519 0.12349157777909467 0.007804770394246707 0.0 1.6844300000000003 0.0 1.6844300000000003 1.6844300000000003
0.9993769473724537 -0.016727954281354908 0.03107881281640126 -0.03445615540544801 -0.2715979028985237 0.9617938201588736 -0.007647902666196983 -0.9622654283962847 -0.27200506410382036 -0.023229263674155235 0.11722867567650591 0.010420694536280362 0.0 1.70116 0.0 1.70116 1.70116
0.9995716402773587 0.026824434949491167 -0.011704086588490634 0.008626061096781948 0.1121174634266626 0.9936575192010201 0.027966533985908124 -0.9933328365076891 0.11183804760636497 -0.028997736698522708 0.12438862946919507 0.0214090603924231 5.544799286383295e-09 1.6737524048779484 -8.93525164968878e-09 1.6751632172506774 1.6680421236794496
0.9996056078905735 0.028030109863945097 -0.0017151136207795847 0.0010443210106137746 0.023928285489827554 0.9997131321269839 0.028063108654313516 -0.9993206442851725 0.02388957593017757 -0.028923639962954006 0.12610273251293147 0.027034507102185745 5.612156961376513e-09 1.6729233317776204 -9.077768758913862e-09 1.6720042994021513 1.6662797853007714
0.9996560238183331 0.024164500529027463 -0.010193672444365733 0.007817776747785526 0.09645322649015686 0.9953068157439495 0.025034304672632183 -0.9950441457612929 0.09623113620724168 -0.028225192690707758 0.11155163967550763 0.01581545024467053 5.722371021477102e-09 1.6981280569202761 -9.059864858329547e-09 1.6977048793623135 1.6937114986734487
0.99985727866688 0.015266095840865525 -0.0072366162423244396 0.005494383670944736 0.1112271100380578 0.9937798255854554 0.0159760459731944 -0.9936777527500349 0.11112735776892693 -0.027518245344146992 0.1439002119481651 0.035277498033132806 6.000695940144851e-09 1.651643658679486 -9.211580831447463e-09 1.6494087448794108 1.6433223965832546
0.9995078437958475 -0.030072883277361486 0.008927030971260658 -0.013167767048159126 -0.14391599071518715 0.9895022978889093 -0.02847244460072 -0.9891328572582414 -0.14424115428894269 -0.019580681564156478 0.13045466096106845 0.03485303484103405 0.0 1.6863 0.0 1.6863 1.6863
0.9992281809613759 -0.022554978880213853 0.032160772694896395 -0.0371521997616949 -0.2767428623542404 0.9602255475610139 -0.01275760265437071 -0.9606792706536843 -0.2773672340252506 -0.022472538232490062 0.11702329102453633 0.02357897970687689 6.354738069092036e-09 1.6820323210320378 -9.148421575844168e-09 1.6813677451936089 1.678106900740608
0.999139809779162 0.0414681686652072 -0.0001774880680977392 7.484064754569031e-05 0.002476869756226817 0.999996929752831 0.04146848096250771 -0.9991367554563114 0.002471635672488773 -0.031026842047873395 0.1187466667082104 0.032505330026332754 0.0 1.70712 0.0 1.70712 1.70712
0.9999289641898731 0.01191728599919832 0.00021182204983431503 -0.0005485818708529187 0.02826192942640298 0.9996004013619783 0.011906537368120751 -0.9995295101394005 0.028266459424399364 -0.026249108991705763 0.11031397860016638 0.011097656284006288 7.099594689918831e-09 1.7061966477665518 -1.0064964861555836e-08 1.7062091576222285 1.701282056579009
0.9993222511697408 -0.030027068335088194 0.021293508030419406 -0.028694547771927537 -0.27309054579782227 0.9615602824181186 -0.023057780578498 -0.9615195936448967 -0.2737670721466451 -0.020687957098499965 0.1253928611105349 0.0326800246553437 7.508464960892525e-09 1.665085797847163 -1.0159811658638773e-08 1.6652355440383726 1.6608192096520948
0.9994433255673262 -0.022916472202259522 0.024246118879661435 -0.02930097841643818 -0.25543392922348385 0.9663824090210311 -0.015952794199231422 -0.9665548836477189 -0.2559632107432271 -0.02209462735894728 0.1185699836627668 0.016613247569740114 7.965051729286188e-09 1.678354319415349 -1.0533304894977391e-08 1.67815302574982 1.6733817934300577
0.9996727165201456 -0.024735416595485296 -0.006528323757351823 0.008694418664434954 0.08850118860610774 0.996038125123428 -0.02405965355778298 -0.9957688982796933 0.08868728369684983 -0.020234495194525755 0.14375353316407263 0.007304051407266865 0.0 1.67648 0.0 1.67648 1.67648
0.9997461685354337 0.021223447362887924 0.007560673300370552 -0.0043966007301696475 -0.14534975590538635 0.9893705667545726 0.022096796164595513 -0.9891526746363675 -0.14521955053979813 -0.028526989681964494 0.14503442521450458 0.006746937247552792 0.0 1.66968 0.0 1.66968 1.66968
0.9980355331419707 -0.061298402133252446 0.012945288020449641 -0.028889531767595095 -0.2669373356917786 0.9632807761852326 -0.05559199169189242 -0.961762426334947 -0.26818382827837284 -0.01420465906301675 0.14450393718082316 0.016075375459139077 8.31279134416718e-09 1.646283792760161 -1.1050487636055095e-08 1.647598202246769 1.642628015054382
0.9996763520558434 0.010911471359792283 0.022981099475137975 -0.019998838654413348 -0.22126982063790426 0.975007545061752 0.01572379066244832 -0.9751515811747598 -0.22097999036014412 -0.02712306820699535 0.12334575758477728 0.010774658545193466 0.0 1.69328 0.0 1.69328 1.69328
0.9998530332533921 0.014592375751684032 0.008998581216653867 -0.006761416234068729 -0.14669333438204774 0.9891589098311688 0.015754210373761186 -0.9890743795174346 -0.1465731102136435 -0.02698453944558828 0.13773104886764062 0.015686867949201766 0.0 1.67597 0.0 1.67597 1.67597
0.9999700585696649 -0.007414428820693266 0.0022154479104775082 -0.0022689877081764898 -0.007220423409041166 0.9999713581801102 -0.007398219986004066 -0.999946444431429 -0.00723703046709398 -0.023434655278382153 0.11887278861364808 0.04841280719470485 8.572470733270166e-09 1.6832577423957202 -1.157892093317514e-08 1.6841258904534628 1.678843048482797
0.9991854226932986 0.03175326388600028 0.024904242807202936 -0.010529662200439632 -0.39061069528043346 0.9204957419491309 0.03895660779840464 -0.9200081602709415 -0.3899581615298222 -0.03126325699953374 0.12624771805966287 0.010363844281524329 8.712445875858066e-09 1.6517573316972474 -1.1608548788899498e-08 1.6529140866296252 1.6460445422758854
0.9982110601209474 -0.05502863256158157 0.023377960788244487 -0.03796889271757911 -0.28140433418924343 0.9588378193862137 -0.04618487455883388 -0.9580101514586945 -0.2829902949997999 -0.016831232860731585 0.12310906249115197 0.044669026292312716 0.0 1.68866 0.0 1.68866 1.68866
0.9993477328758217 0.0320740960678134 0.01659400968385999 -0.012758049468106936 -0.11630293835023196 0.9931318435660351 0.033783738243786755 -0.9926957635109231 -0.11581787486282279 -0.0294787049356011 0.11720132835809359 0.01852441632390564 9.487481023029432e-09 1.691205548892408 -1.196114762791467e-08 1.6904977440753228 1.6869309495447578
0.9995908462496601 -0.017557964589935093 -0.022580034839364438 0.024662889829448517 0.12923111359808637 0.9913077529927116 -0.014487303377399504 -0.991459044619422 0.12961126834960807 -0.022372097168173385 0.1139750367242392 0.04477749563792387 9.325244576530167e-09 1.6962720758161156 -1.2465314114251669e-08 1.698239824010031 1.6931667067736367
0.9996958149878948 0.010438643352191601 0.022345295268895067 -0.020383105912201858 -0.16040022413985852 0.986841576489993 0.013885477631695651 -0.9869968605932081 -0.16013866082270947 -0.026539471085977276 0.11667228649266849 0.039519686630993506 0.0 1.70475 0.0 1.70475 1.70475
0.9999859150350868 -0.005295274746546505 0.0003602732282056015 -0.0002840278788057357 0.014392458010812677 0.999896382872031 -0.005299911282694774 -0.999882401694202 0.014390751287892625 -0.024110114988737934 0.11179362406440313 0.03385468974107858 9.85759829319477e-09 1.7016651163045475 -1.276306438313668e-08 1.7010399708035209 1.6971247974605648
0.9993935189213914 0.006263162574327395 0.03425444690089454 -0.030196614482812564 -0.3340298378050227 0.9420786760826968 0.017342399248519606 -0.9425416915184801 -0.3336381287230031 -0.027251131600139082 0.11827901129968463 0.018763796937293242 9.897177299933446e-09 1.6701378429860343 -1.2283650541178304e-08 1.6692065199116932 1.6642758743173536
0.9993035013382926 -0.008312836080155562 0.03637868839490245 -0.037266595732054174 -0.2726543297060816 0.9613900443290802 0.0019269290522974138 -0.9620761473235017 -0.27277421743191854 -0.02470942572208087 0.11646356910651445 0.0020152522526784566 1.0215157608683967e-08 1.6808034965437066 -1.2047914665913595e-08 1.6789739974288649 1.6737864899420876
0.9999988173531744 0.001370036304123484 -0.000698779491527135 0.0006821010533456101 0.012136624454082 0.9999261158130703 0.0013784159043699834 -0.9999254098918509 0.012135675597535443 -0.024986339871683628 0.11170174723989137 0.022330571858888815 0.0 1.72638 0.0 1.72638 1.72638
0.9787022724114061 0.02633214513461422 0.20358899800666908 -0.19819730673800343 0.37955007419119957 0.9036921869659252 -0.05347606547373956 -0.9247963880303948 0.3766854803511596 -0.014939802713641263 0.1248133936341547 0.038124568684314866 1.0397114280635833e-08 1.6500902586915602 -1.2973981888819708e-08 1.6404906910816965 1.6389495467997097
0.9999841964465332 0.002825495945672038 -0.004860394000729282 0.004746706850635329 0.03893873713765786 0.9992303255627295 0.0030125788380499143 -0.999237605038354 0.038924709966281806 -0.02504422075161359 0.1122450018837194 0.02571410004380051 1.064618260215866e-08 1.697982331345651 -1.345610467495817e-08 1.6975026227255245 1.6938756485156414
0.9995005331597556 0.018010147859186292 0.02596764886266796 -0.01894314909571955 -0.3162715126354831 0.948479566146578 0.02529508481309982 -0.9484977410987091 -0.31577237658627516 -0.028527180742296043 0.11825022822850831 0.0006915671295067982 1.0743177902838852e-08 1.6684367919158705 -1.3226702400004342e-08 1.668862597906883 1.6633313841428459
0.999848004511192 0.007518328957370755 0.01573030847364617 -0.014856444620748706 -0.1047818689527843 0.9943842546983495 0.009124359057924601 -0.9944668092341998 -0.10465424694359884 -0.025851890595141994 0.11275131625280102 0.0024760676207672416 1.0735761613034356e-08 1.6991606545676161 -1.2930238213471057e-08 1.6984176518166052 1.6940451343023097
0.9999754564738227 0.0037845303918892207 0.005896081722864002 -0.005583275614594735 -0.07792800723670014 0.9969433548208886 0.004232432324479165 -0.9969518057648673 -0.07790496453236485 -0.02515421534043675 0.11198488336566872 0.0371795055216263 1.026434492956696e-08 1.7007423504970314 -1.2832200191326137e-08 1.7019928584508701 1.6973603252190221
0.9992508473509569 0.025945932463169077 0.028715024934883343 -0.01780033205844178 -0.3507048675852451 0.9363168502332022 0.034364112777773126 -0.9361265429634138 -0.3499802898912511 -0.030004620577790447 0.11816049047296831 0.01579412422602519 0.0 1.68731 0.0 1.68731 1.68731
0.9995319045177326 -0.011738081977622883 -0.028252243851438652 0.03000376059880687 0.195632882051483 0.9802181133860771 -0.005978812681798378 -0.9806069512764618 0.1958934937847575 -0.023404736789531488 0.11543361939486751 0.024330823750894348 0.0 1.7051 0.0 1.7051 1.7051
0.9998121137939453 -0.0039743209282396665 0.01897213440924692 -0.019300476497192867 -0.11338124866883541 0.9933640742735148 -0.0017968633405132787 -0.9935436061006356 -0.11343665218385302 -0.024296585105581373 0.11385552257038374 0.009498715334393143 1.0620339274680646e-08 1.6971823263413768 -1.2648436076290182e-08 1.6959034391475294 1.6921143240729855
0.9989072503664813 0.046495981773656554 0.004735910068807407 -0.002079332111573677 -0.05701858568023996 0.99837095173337 0.04669027246917512 -0.9972898297716312 -0.056859598053673 -0.03231980651321223 0.12910953367387895 0.03663771693701359 0.0 1.68898 0.0 1.68898 1.68898
0.9997478321456961 -0.006368594661270748 -0.02153399921104429 0.02217309970239212 0.1282236962199229 0.9914973713415929 -0.0035532758925530677 -0.9917248230884116 0.1283325738099647 -0.024016641638203585 0.11366339237062986 0.024059260942363006 1.0427568142290511e-08 1.6940945544091983 -1.295235296794317e-08 1.695523366577671 1.6906051222810694
0.9994598424250714 0.017648960745692357 0.027722510063999867 -0.02241086062166417 -0.2509675673431647 0.9677360350157735 0.024036986205593813 -0.9678345903750554 -0.25043647691121396 -0.028398891758197903 0.12061370235666419 0.01486727968697489 0.0 1.69001 0.0 1.69001 1.69001
0.9993794573207303 -0.004219752729993546 -0.03496990094668081 0.03488816720621936 0.255266271070413 0.9662411431122137 0.0048493375128810644 -0.9668615849958587 0.25525508689344867 -0.024881099514691248 0.11574661492248904 0.0430047107615807 0.0 1.70161 0.0 1.70161 1.70161
0.9994178548543903 0.016335922361646903 -0.02995144468708577 0.022281091177141915 0.3522985717591775 0.9356223967565118 0.02583610601861671 -0.9357450795900761 0.3517295006802201 -0.02875973631958132 0.11757157102269154 0.022057457327692903 1.0330206912101403e-08 1.6685050625563411 -1.3419380273660408e-08 1.668664342107303 1.662951670407267
0.9998185031673389 -0.002031711201385731 0.01894288451678408 -0.019051079740686067 -0.11344279573599839 0.9933618617887011 0.0001307093572626792 -0.993542452160548 -0.11346091251999171 -0.024692649119706298 0.11377131293707499 0.023141997266398914 0.0 1.71382 0.0 1.71382 1.71382
