0.6758946519836513 -0.7369982256260434 -0.00018666537545336062 -0.7364082911609403 -0.675363717077795 0.03983313148985587 -0.029483014250968564 -0.026785538615598632 -0.999206328438601 -0.008912001608073955 -0.041630242716548416 0.23820686293273313 3.248742469708077e-06 1.5373901986730303 -3.966178496739303e-09 1.5374343273122202 1.5374291996133467
0.748135593466745 -0.6635431778968266 0.0018933712636009007 -0.6630557823970225 -0.7474703259767369 0.040560340409115235 -0.02549829833604264 -0.03160004510774156 -0.9991752968979741 -0.004709274007185349 -0.041786730135500466 0.23840239950397052 3.2504979765590747e-06 1.7032692054255412 -5.756320753391719e-09 1.7038107804478004 1.690713963898733
0.753107944139624 -0.6578953991957263 -0.001438120608630957 -0.6573599007320037 -0.7525796591836837 0.038753290087177865 -0.026577911569560186 -0.028240047805670694 -0.9992477742364674 -0.004193784151383273 -0.04244871885791601 0.2381548804604564 3.251763293299348e-06 1.7026020648924964 -7.553007996818906e-09 1.7037018129999684 1.6907154139481806
0.7419443534788108 -0.6704566642952956 0.0025372510586920234 -0.6697244320288175 -0.7409460375608652 0.049680525022697174 -0.03142867296892155 -0.038559444042649965 -0.9987619374958849 -0.0042372222002944465 -0.04095701305012572 0.2374769929125939 3.252400227360397e-06 1.6974554028879183 -8.62257376610387e-09 1.6998880446436404 1.689207374484936
0.7305773767172974 -0.6827894062209499 -0.007437968897134301 -0.6813788951195967 -0.7296913900793562 0.05721255569938033 -0.04449154879827985 -0.036730123829082265 -0.9983343127875705 -0.002066764527755699 -0.041941576948265974 0.23797933152950257 3.2528900772987868e-06 1.6959622357182997 -9.329910177768852e-09 1.6984364548041286 1.6879414911835475
0.7459555928026772 -0.6659844160804201 0.003874416656478503 -0.665717156355266 -0.7454627749613143 0.03325535868451064 -0.019259317242953947 -0.027386286440456143 -0.9994393778585756 -0.005917370648813647 -0.042626639345579365 0.23832822339261134 3.2547412853745072e-06 1.7022113503697387 -1.1148042489139698e-08 1.7027616351368646 1.6881359863720187
0.7365544489108922 -0.6763415788919159 -0.007043610690709354 -0.6756275363375099 -0.7361875509739574 0.03943757007567702 -0.03185868691705128 -0.024289060355590475 -0.9991972105720491 -0.004302523555182208 -0.04392191924201733 0.23730018111844803 3.256106976046169e-06 1.6965196933276934 -1.3016835609391819e-08 1.698954608062948 1.6864900115995463
0.7502803785696314 -0.6610833966592701 0.00693514202111726 -0.6609399722802838 -0.7497904263274531 0.03118765188073633 -0.015417735746489096 -0.0279831958349738 -0.9994894867757803 -0.006257780748783359 -0.04284372461966768 0.23939470515735772 3.257914243270932e-06 1.7007817123670614 -1.4756172284080549e-08 1.7023788226680772 1.6882682266133706
0.7020684176129375 -0.7119950599090995 0.012766035230397989 -0.7115469976960059 -0.7006887095690683 0.052308721569483185 -0.028298534595731752 -0.045807935420313924 -0.9985493608191147 -0.005819969500362607 -0.04108338290769015 0.238632101302992 3.2590404064336553e-06 1.702729756005267 -1.64676023928223e-08 1.704170738844029 1.6918719632447665
0.6837746116452852 -0.7293972220248651 0.02078395948198861 -0.7293524147438588 -0.6823073946833316 0.05001673987523203 -0.022301021874374976 -0.04935900792007696 -0.9985320990135993 -0.007907096502017638 -0.04032315760648977 0.236930939150797 3.2603725941271477e-06 1.6946030489563233 -1.8296335113632267e-08 1.6953418447234467 1.6815055390503204
0.7108430878496569 -0.7026969748609869 0.030316100962731008 -0.7033406483657338 -0.7099428014208364 0.035960409719638806 -0.0037465734791136598 -0.04688475479249514 -0.9988932790619894 -0.009781001796629982 -0.040315637788418734 0.23906935620855646 3.2620513623626834e-06 1.7023850992058271 -2.0325841454393867e-08 1.7032859080029263 1.6895033967235946
0.7038981234674179 -0.709756681533372 0.027800805703853796 -0.7101413550434229 -0.7023711029402272 0.04872463044108232 -0.01505614944595975 -0.054039677767954916 -0.9984252729125984 -0.008529481795694821 -0.038607670086368284 0.23665689342991908 3.2637545359648357e-06 1.6901748301869493 -2.1939570160611765e-08 1.69062594314713 1.677586055512939
0.7188608708408963 -0.6944234277894638 0.031861439248713985 -0.6951486194520684 -0.7179199733348693 0.03686880470999699 -0.0027285981293691313 -0.048651976568190855 -0.9988120643685962 -0.01057366168555246 -0.039200957654141416 0.2356714147148561 3.2653807773286303e-06 1.692084039877865 -2.395715892333783e-08 1.6929595990651292 1.6803189239096037
0.6975778382608345 -0.716339886986218 0.015566819839439071 -0.7155087679656684 -0.6952920215847604 0.06794267940572098 -0.03784656565122567 -0.05853350350995235 -0.9975677753592773 -0.003564654399363862 -0.03890683316973101 0.23969430416490747 3.266231381360285e-06 1.7070326788654766 -2.5419969240658702e-08 1.708304777557089 1.6959865069202174
0.7225484585866332 -0.6896561999907617 0.04793798919837217 -0.6912181373864028 -0.7218946616318406 0.03294820261444663 0.011883246280064763 -0.05694228061601679 -0.9983067490186041 -0.012363532229362748 -0.038219902119964594 0.23919273636508204 3.2680142076912944e-06 1.7018049768351897 -2.768121731833162e-08 1.703055637739097 1.6872655758054522
0.6974434002112622 -0.7160530943776843 0.028994301748729058 -0.715370292496017 -0.693230577319324 0.08761684360715048 -0.042638575444263596 -0.08184945144385551 -0.9957322025436476 -0.002907842281836076 -0.035028660093212954 0.2405537964788894 0.0 1.7322651761642713 0.0 1.7322651761642713 1.7322651761642713
0.6760398908364185 -0.7354128059063386 0.04623927883141602 -0.7368628459474261 -0.6748581801913832 0.03999478579807847 0.0017922779201434902 -0.06111007721923271 -0.9981294235729734 -0.012671347236264632 -0.03783933283434149 0.2360506755301332 3.2717316793551277e-06 1.6931068513617014 -3.1666287370057944e-08 1.6937287202119364 1.680824511899
0.6801135249131901 -0.733011886906117 0.01179690147833077 -0.7323603883498134 -0.6786071282694682 0.05604129761145697 -0.03307347587215345 -0.04675402780723196 -0.9983587561981588 -0.005467559680845432 -0.04127712270517725 0.23781777672303953 3.272696046607848e-06 1.7033399418491086 -3.3536530885669436e-08 1.704305854031027 1.692634017290449
0.7486901443032924 -0.6617002134871138 -0.04019820013661357 -0.662437752488116 -0.749081436315337 -0.007295604583969075 -0.025284222384895964 0.032090952601317335 -0.9991650908931571 -0.003604521847097489 -0.05330522446694655 0.2392212701579412 3.272931577313898e-06 1.7063596147153577 -3.418616589812018e-08 1.705541470712097 1.6995513624464094
0.6865019382105163 -0.7256145374497556 0.04688957106629874 -0.7271080266011827 -0.6845766272577414 0.051660033532207834 -0.005385766921982881 -0.06955849663407333 -0.9975633358642797 -0.009965619557215227 -0.036877425671584474 0.24032214499932503 3.2749742864268683e-06 1.706784233130616 -3.6049173424146375e-08 1.706996624023736 1.6912753130496547
0.660568500431035 -0.7507637804495954 0.0017326867360940336 -0.7484472525500812 -0.6583455302024681 0.08004919120557383 -0.05895732684348051 -0.05417479882254266 -0.996789408442931 -0.000962279903162333 -0.04094409221287654 0.2393683440945198 3.2752686021098043e-06 1.697215702477858 -3.6598443386992585e-08 1.698602416717378 1.6900482333880715
0.6946278472274201 -0.719369126666529 0.0004620121597329734 -0.7179308145678033 -0.6931981221039217 0.0636530361067488 -0.045469763032268844 -0.04454686420649747 -0.9979719823417676 -0.002876382126346083 -0.04117277829463481 0.23750465612660898 3.2768489903745035e-06 1.693424335796795 -3.779352120147905e-08 1.6942216275985214 1.6791566586149616
0.5910135655050638 -0.8053385729099953 0.04618168871190979 -0.8063917062908703 -0.5883658978743672 0.05964885785820578 -0.020865795318901276 -0.0724938149208737 -0.9971505730750635 -0.010729463711357107 -0.03733660900530647 0.23471594130101953 3.2789932813415135e-06 1.6879151179375942 -4.0420507829708185e-08 1.6890551098982565 1.6748559010906412
0.6359767581497824 -0.7679397441864384 0.07617159833009138 -0.7710227165318355 -0.6364683688548686 0.020784273840850267 0.03251974300577805 -0.07194834776484015 -0.99687807758459 -0.018185136784574035 -0.038203194542203944 0.24204676139034786 0.0 1.73161 0.0 1.73161 1.73161
0.6639954786419286 -0.745351271635959 0.05967818876050794 -0.7476873367368989 -0.6627497300767135 0.041550472518695446 0.008582005963609167 -0.07220995190347561 -0.9973525314650474 -0.01384079267313229 -0.03715513824105299 0.2396445087694175 3.2829918650278955e-06 1.706384332975614 -4.467732406254754e-08 1.7074046468379898 1.6965016772517174
0.6740167473009816 -0.7351728004935179 0.07226602086958077 -0.7384290146135337 -0.6732500633373011 0.03816991738536665 0.02059161806877375 -0.07909049014159761 -0.996654744449888 -0.01518880577397444 -0.035900233426899686 0.24110233116269797 0.0 1.73357 0.0 1.73357 1.73357
0.6679925700782493 -0.7438501129391707 0.021747087175942575 -0.7434028993146112 -0.6656960659466543 0.06481417340194612 -0.0337350798262727 -0.059462233926506604 -0.997660356597166 -0.005749938524079179 -0.0396703282460493 0.239425237566835 3.2862269705447034e-06 1.7089572996808071 -4.9565338500201506e-08 1.710412796952113 1.696231248763561
0.618921715721318 -0.7854341203572982 0.00539929505931871 -0.7842902015191113 -0.6176172494010219 0.05863286658033688 -0.042717556223312775 -0.04052376859169546 -0.9982650121933728 -0.00425997928949845 -0.045384640941321275 0.24277204382315676 3.286851386619105e-06 1.7166312486379312 -5.071978481652195e-08 1.7196542480328398 1.7084865116337653
0.7479509809377557 -0.6637354264477298 0.004961228930342461 -0.6637020075523198 -0.7477780135632798 0.018102143585110177 -0.008305136077716983 -0.0168322936525542 -0.9998238337852948 -0.006978291587665206 -0.04559400021401519 0.2415079320826555 3.288067915718784e-06 1.7121938915273303 -5.2153739105165187e-08 1.713915085374623 1.7024703454853718
0.7034409667405819 -0.7087562543290795 0.05324827002343809 -0.7106315559620618 -0.7027323460971806 0.03420586820549581 0.013175658693785473 -0.06190170997771874 -0.9979952807101942 -0.013299332111135653 -0.03803845999311117 0.2390624315057739 3.2888466412472894e-06 1.6972940234750595 -5.344952835883987e-08 1.6978571752868836 1.6858853214731084
0.6122492656923616 -0.7905015279590247 0.01606769907643225 -0.7906529811426615 -0.6120025307748013 0.0179099339881646 -0.004324357684784915 -0.0236693181077368 -0.9997104897473712 -0.012706011533938077 -0.04650089451565362 0.23668453137802492 0.0 1.72225 0.0 1.72225 1.72225
0.7198450211730898 -0.6938933788189758 0.01830640116188346 -0.6941341668112356 -0.7195578408436457 0.02035367646648509 -0.0009507668410551305 -0.02735859118478339 -0.9996252315396994 -0.008859843377022891 -0.04512422306011382 0.24375787919700942 3.2923667685480495e-06 1.717154613087783 -5.7912457940290096e-08 1.718703129277067 1.7044573015828641
0.7282518503940818 -0.6846766535027607 0.02944694459288744 -0.6851625882870671 -0.728313134606657 0.010592713117642202 0.014194013152132343 -0.02789010770302522 -0.9995102159972908 -0.01251906884241577 -0.043984224694750995 0.24057432898993858 3.293356538591752e-06 1.7060759979038238 -5.970568839330781e-08 1.70781250185117 1.6959734595004612
0.49663692581806124 -0.8611774903030048 0.10828247369451582 -0.8674393469221743 -0.4881484864893815 0.09622907330613828 -0.03001238619665988 -0.14171938940576967 -0.9894518034453413 -0.010544574362003067 -0.029070573213536816 0.24324742984804149 3.295567013061884e-06 1.7231166955602877 -6.299417432131804e-08 1.7229392596882933 1.7050092495997617
0.6728954953757725 -0.7395463398613439 -0.01681854633086214 -0.7391909995744295 -0.6730983399590658 0.023136354347772756 -0.028430941791458372 -0.0031362305463351198 -0.9995908390970832 -0.005668238706709933 -0.049234171874590754 0.24036809224728206 3.296170770994422e-06 1.7098004497746722 -6.453466649958273e-08 1.7089401397190116 1.7001918152128885
0.7078540269307507 -0.7060075443149149 0.02227159465200964 -0.7062796215506133 -0.7069509111384406 0.037276070378344704 -0.010572262777780856 -0.04211598996761541 -0.9990567905023242 -0.008809620206293278 -0.04168054535162599 0.23958271694996147 3.297380700928443e-06 1.7043742293631556 -6.612773972847208e-08 1.7057088003971446 1.6944073587590074
0.6697469652235485 -0.7424666235955615 0.01350242276237164 -0.7413038943374671 -0.667407607773938 0.0709621119018787 -0.04367537995201146 -0.05753605766887405 -0.9973876193606834 -0.002825082533448209 -0.03964292354543228 0.24236370627158738 0.0 1.73561 0.0 1.73561 1.73561
0.7517335205766184 -0.6593301616504998 -0.013433241582303301 -0.6594379370158084 -0.7513532203306452 -0.024697075193305478 0.006190417257153542 0.027424008399478065 -0.9996047231268406 -0.009105960465420476 -0.05413263837029794 0.24395937677873258 0.0 1.74482 0.0 1.74482 1.74482
0.6837927852315476 -0.7272674754727908 0.059240577180816795 -0.7294617064910313 -0.6793664704409622 0.07966691662027342 -0.017693095502910646 -0.0976893953304185 -0.9950596647495576 -0.007588452506597565 -0.033086289314316536 0.24236604271188894 3.3007896647063717e-06 1.7171035819442642 -7.129160817243019e-08 1.7188042808814217 1.708589817227769
0.7500736699032184 -0.6607986129795778 -0.027105032783311816 -0.6611263944012824 -0.7502610306449176 -0.004502945878666278 -0.017360309440727015 0.02129739373474629 -0.9996224490657608 -0.005096419594189716 -0.051332922769021544 0.24023105618996354 3.3011202269506157e-06 1.7081604091232485 -7.188862571894106e-08 1.7078697708489257 1.7024241091224823
0.5026532959717156 -0.8640792383731782 -0.02658446653968194 -0.8617229145063415 -0.5032661674932002 0.06447312053408377 -0.06908894747691016 -0.00949918255086786 -0.9975652774968653 -0.0028403129063456767 -0.05380041533464938 0.2444598945048611 3.3026447736617115e-06 1.722916818043002 -7.394609458089008e-08 1.724674507942085 1.7126748201596618
0.48751974105233287 -0.8731081265942667 -0.0025886983827222484 -0.872192002742477 -0.48713999122513707 0.044449289097138744 -0.04007009403949362 -0.01941206388367464 -0.9990082879232997 -0.008309247716580592 -0.0513465465733568 0.2433271796901559 3.3051603045564093e-06 1.7183650656449867 -7.646583011222674e-08 1.7184116723451641 1.7066520470558473
0.6737756641169292 -0.7382332473582952 0.03221842545216929 -0.7386604349672377 -0.674074482053599 0.002086733855468998 0.020177122138758132 -0.025204466647762783 -0.9994786734108935 -0.013990841606206061 -0.04661835618692567 0.2447659596333736 3.305394188579669e-06 1.7130767574322299 -7.691605219406483e-08 1.7109810209863179 1.7049093333969996
0.4256874638745532 -0.9041988060406293 0.03485257888236542 -0.8968691439284657 -0.41649959586872065 0.14884161148755928 -0.12006632237672639 -0.09461821069906708 -0.9882466657849319 0.004928658135354952 -0.0400893475571165 0.24594155374987592 3.3076705303614062e-06 1.7304355982653918 -7.857900286012409e-08 1.7336674078885732 1.7171975337519205
0.5105252945094219 -0.8596579672855204 0.018764406428012876 -0.8568781244745015 -0.5068154338131374 0.09432918872683152 -0.07158074785254084 -0.06423624624251344 -0.9953642053065511 -0.0031428427064355835 -0.040524622932432 0.2359486246649885 3.309800780115779e-06 1.697473127199948 -8.090458347709273e-08 1.6978056711824978 1.6823805458336532
0.5236960767971954 -0.8515350036555875 0.025110888007089285 -0.8518360128961562 -0.5230504489150611 0.02817152858708191 -0.010854781453620404 -0.03614367771867568 -0.9992876504193187 -0.013235971131955682 -0.04704320242911905 0.24173145250760159 3.31112251483745e-06 1.7152081078016037 -8.315742316966634e-08 1.7158384564284326 1.7016576734493922
0.6853614629951171 -0.7278184608944326 -0.023663326529715503 -0.7272033537237657 -0.6857612734316539 0.03011242591197442 -0.038143772415697594 -0.0034298458646931968 -0.9992663752890137 -0.0033838118154917163 -0.0496738474144616 0.24161548996332383 3.311880619527585e-06 1.7125101164496233 -8.445589472216852e-08 1.7122068249822373 1.7014054585933494
0.5727604829626205 -0.8173369455016863 0.06249597326547699 -0.8195536769499394 -0.5725241465295619 0.0234066708105016 0.016649316930732672 -0.06462522076225677 -0.9977707056669732 -0.01590864373813758 -0.04182894011601268 0.2465517187276634 3.312535312716136e-06 1.7154296332888412 -8.529301620541219e-08 1.7156260687995388 1.7056487534238132
0.674640787307017 -0.7365857639990886 0.047971036841486514 -0.7381188537975334 -0.6726302938679123 0.05243134024399781 -0.006353406203283774 -0.07078064739069004 -0.9974716708681861 -0.010091568666249717 -0.038178825742596206 0.2422790032063159 0.0 1.7367 0.0 1.7367 1.7367
0.5870002290043689 -0.8075137873368969 -0.05789831093943416 -0.8039130354573768 -0.5898458910569396 0.07619485694554043 -0.0956794783144487 0.0018188084191882205 -0.9954105330793971 0.005114671859216657 -0.05422323052549308 0.24355921722631754 3.314029100032201e-06 1.719805439288316 -8.778876292581117e-08 1.7227092738344334 1.7136019766750952
0.561564297508224 -0.8270860651998054 0.023962064109716012 -0.8245289662419251 -0.5569344173736728 0.09988012100848846 -0.06926415806257587 -0.0758465259385751 -0.9947109031828953 0.0005460824905926531 -0.0410326970279051 0.24760657398637542 3.3164573762789473e-06 1.7349882617718935 -8.957594488379073e-08 1.734915525561438 1.7213777408227902
0.7068085887341966 -0.7065394624985075 0.03498009182226195 -0.7073540517804129 -0.7053006688782203 0.04691707482109038 -0.008477282666432533 -0.05790470112395946 -0.998286121944174 -0.008594950724082673 -0.03905810315768135 0.24073817289301935 3.318074388580783e-06 1.7022807194871552 -9.117643173794931e-08 1.7026851139085348 1.6905103660412424
0.7501848877793106 -0.6602613736752785 -0.03574286753993973 -0.6608039711786619 -0.7505434040174723 -0.004765538833760021 -0.023680072256090697 0.027194064026917267 -0.9993496570568513 -0.004363055862133175 -0.05368234160122362 0.2408928615454881 3.3196484867659137e-06 1.7113887691648824 -9.33646635559171e-08 1.712532684551019 1.7003835530126334
0.5748649715063582 -0.8178363912694268 0.025959615759780678 -0.818246428691705 -0.5745066076159571 0.020370069682643283 -0.0017454134939944143 -0.032951402413344696 -0.9994554310276816 -0.012850167125813744 -0.047270201167926074 0.24356748907727477 3.321336261130625e-06 1.7173587466321978 -9.561765867971417e-08 1.7180758758453365 1.704057568423325
0.5667236782100755 -0.8238799615786295 0.006788333023550385 -0.822395365159762 -0.5651650448713357 0.06522526672481455 -0.04990126170533965 -0.042547396686248934 -0.9978474748755134 -0.0038698086318024183 -0.04705110904999679 0.24777130892878116 3.322772912817129e-06 1.7366317689932327 -9.735619688200359e-08 1.738959502926118 1.7269049229790303
0.7598953491383936 -0.6497388077283709 0.019963468875772498 -0.6487985610011567 -0.7599812696158235 -0.03858622909730209 0.0402428329105604 0.016369226152635835 -0.99905583569413 -0.015135789434641653 -0.051758833499932516 0.24493575040386806 3.324953363303962e-06 1.7244007432793866 -9.987376881070986e-08 1.7253983122250673 1.7096686837897792
0.5152952255491181 -0.854265773325138 0.06856251929069868 -0.8553168491467336 -0.5075967237176445 0.10382029491779211 -0.05388801436300515 -0.11214078025552217 -0.9922300778104318 -0.00671146265063019 -0.031759734580430965 0.23487296959547857 3.3261871559275846e-06 1.684291012400024 -1.0151408869063516e-07 1.6830065618548504 1.669712713034711
0.6686025093542542 -0.7434652693214379 0.015168315595221514 -0.7410377622535906 -0.6644437362351325 0.09683778339103158 -0.06191703642282172 -0.07598627962138663 -0.9951845888627473 0.00046073012940042735 -0.037558704556456324 0.24281300036483858 3.327471004510585e-06 1.719360697187227 -1.03581630384042e-07 1.7218144296933886 1.7106662517332758
0.7625637714261752 -0.6462019322568173 0.030324202476625782 -0.6468762490096402 -0.7621821808361031 0.025088676392742457 0.006900215612994014 -0.03874772204242907 -0.9992252003732776 -0.008712709238359387 -0.04160353491803789 0.24499563780662614 3.33020327314415e-06 1.7253304698882141 -1.0569855035669207e-07 1.7272279953908942 1.7124761548312515
0.7408414697779411 -0.6695823585081109 0.05304132192900092 -0.6699627965454013 -0.742282891897827 -0.01288253239328879 0.047997582254997874 -0.02599179813931237 -0.9985092180481661 -0.016835756675491864 -0.04489240394741978 0.24541459806216132 3.332723513160829e-06 1.7258651969450645 -1.0834742791843155e-07 1.7265855201713318 1.7104614290816995
0.6341670857875444 -0.7731667047075599 -0.006734540473282978 -0.772358851556542 -0.6338616187233536 0.04100308197768927 -0.03597098450129703 -0.02080132306039309 -0.9991363236480518 -0.004725107806543644 -0.04893832610483534 0.24559147814370033 3.333576325204035e-06 1.7251593054818395 -1.0976786057881327e-07 1.7271658480742396 1.7184614484475382
0.4413970781014015 -0.8950940206505223 0.06305008833639794 -0.8946976415110215 -0.43366357265949107 0.10701418608213625 -0.06844523152244367 -0.10364651438369141 -0.9922563430575541 -0.0059619126482309825 -0.03397433072418363 0.23355339460755747 3.335487672728732e-06 1.6902613249992848 -1.1175128022955505e-07 1.6906354071001024 1.674982160137536
0.6518539869719272 -0.7554762171223087 0.06589434749178992 -0.7583444349932265 -0.6494242215880317 0.05623075963903756 0.0003123837488930519 -0.0866248565790755 -0.9962409531027362 -0.012049289859022566 -0.03454112681031468 0.23854446478994068 3.3360708364682523e-06 1.7104897727100452 -1.131463944759048e-07 1.7094542334468832 1.700735236583788
0.39574435805427993 -0.9156666779453846 0.0702918058429977 -0.9138474491921221 -0.38506527443164035 0.12887037685960925 -0.09093537635737867 -0.11523571203125052 -0.9891670677895583 -0.001685952978365407 -0.0377238969194095 0.2484884337244804 0.0 1.75977 0.0 1.75977 1.75977
0.6622358247580573 -0.7485802394831989 -0.032731291790768446 -0.747940069961467 -0.663033163623148 0.031187748907476547 -0.045048464491606245 0.0038274000518266024 -0.9989774706447547 -0.0016763724606628227 -0.05359559296726436 0.2479731812964872 0.0 1.75963 0.0 1.75963 1.75963
0.7495432720843507 -0.6619065582679207 -0.008036877192064766 -0.6619290346209058 -0.7495664875036027 -0.00018422091938767745 -0.0059022367726409555 0.005457923911814436 -0.9999676868117551 -0.008837367653334732 -0.04847722771411442 0.23652089013413713 3.3389318652154998e-06 1.693957736205256 -1.1705897406955046e-07 1.6949066026586452 1.6826204064647152
0.6285412662172034 -0.7777724347922174 0.00243235265960232 -0.7776806356654293 -0.6285099662454162 -0.01371317764777755 0.012194489455833762 0.006727704480113526 -0.9999030115062858 -0.015105104003385245 -0.052372692249375186 0.23859784569474407 3.340245218197424e-06 1.6937881514835507 -1.1836007196563969e-07 1.6949598483134976 1.6847299722903495
0.5514241811907509 -0.8341766586556634 0.008981901367918207 -0.8341295161667662 -0.5514920062401412 -0.009193329789606143 0.012622307931057508 -0.0024226446906291275 -0.9999174006562725 -0.01733845630336897 -0.051701476292450116 0.23731311549523812 3.3425477061754805e-06 1.70313875724049 -1.208543816133556e-07 1.703165549131871 1.6894939772032442
0.42186652069412917 -0.9064325328580244 0.02021638182306801 -0.8999546851777328 -0.41593698975705995 0.13068276542254187 -0.11004636906357944 -0.0733245111025068 -0.991218095439899 0.0031470611918133218 -0.04523893991527722 0.24908709540237262 3.342680027884626e-06 1.7416765865573671 -1.2199508780952328e-07 1.7443264418300792 1.735036589017966
0.5896036571243171 -0.8034058639556154 0.08310562717026249 -0.804492146510879 -0.5933011529255289 -0.028037976737933016 0.07183253933942242 -0.05032653076628547 -0.9961462375540453 -0.027416154439480922 -0.041751657952712906 0.23682890297862524 3.3452052354832063e-06 1.6983749759494433 -1.2462816645353314e-07 1.6996036208374852 1.6824440357977108
0.5874417107038458 -0.8089126566359138 -0.023928026654270462 -0.8083552072563989 -0.5851209030632902 -0.0647718125411371 0.03839395039330539 0.05739200930990383 -0.9976131824713266 -0.021747821326795008 -0.061898827917956534 0.23543176354485595 3.3466298461348742e-06 1.6973193119635566 -1.2735976095967771e-07 1.6973880627031734 1.684451441912036
0.4218707935515742 -0.901135417545221 -0.09989991388267189 -0.9063343160587597 -0.4220880307366806 -0.01999504546459678 -0.024148314277925853 0.09897804582042966 -0.9947965648126774 -0.012243955867075496 -0.07492103847760422 0.2421819034200552 3.347174421186594e-06 1.7221170125080798 -1.282793524737258e-07 1.7213766454628665 1.7153665670577762
0.6498245622502299 -0.7583783167239041 0.05089564833377373 -0.7590535128829946 -0.6440009031789123 0.09539707167796672 -0.039570227144699426 -0.10062388100129697 -0.9941373304005608 -0.0034031889553759465 -0.03517453726840414 0.24794440064219506 3.348278936776694e-06 1.7237840131073776 -1.291476747766751e-07 1.7267504638910927 1.7146555028486086
0.570256696848591 -0.8194246830297698 -0.05788340471063737 -0.8205444385352532 -0.5715384671428094 0.00711371667371888 -0.038911747431850226 0.0434392612461271 -0.9982980048533557 -0.0040568721422699905 -0.06351500195843321 0.25092714603916644 3.3495835198849022e-06 1.742026998629135 -1.3044736313361227e-07 1.7418892124570684 1.7365465124063064
0.5714275426599102 -0.8179048039641125 0.06709914412332825 -0.8199953265426347 -0.5657866516781671 0.08656286288614853 -0.03283638131545902 -0.10448538862077845 -0.9939841928455758 -0.007402437286412128 -0.03390289409609795 0.243112656481913 3.35214978530729e-06 1.7187937122821406 -1.3260555853378264e-07 1.7199190629431564 1.7021477467266912
0.6180705624974941 -0.7858496377576059 -0.020715371352490568 -0.7851410299004866 -0.6184008908395312 0.03367345209029968 -0.039272674225661955 -0.004548081476218466 -0.999218180386071 -0.0031608961060092255 -0.05399066282046966 0.2511373208873844 3.353232469471834e-06 1.7473292125309259 -1.341854671821352e-07 1.7490600013515119 1.7393927854017912
0.33833311025913815 -0.9390032711875524 -0.06167303463795355 -0.9392087685134712 -0.3410250920984317 0.03985944940243369 -0.05846020569401783 0.04443808342325887 -0.9973001860482531 -0.008866217231052242 -0.0668947689719648 0.24745603080805023 3.3547158126978616e-06 1.7364556788356893 -1.3618668059933725e-07 1.737140147263374 1.7268930702633662
0.5626053278035457 -0.8267222623384175 0.0023550119137104863 -0.8238791762609203 -0.5609021664090033 -0.0813133607798495 0.06854449686657635 0.043807084720802754 -0.9966858036901961 -0.02589354048996048 -0.06186491942512058 0.24341334202668413 3.3559630496782233e-06 1.7210243141222898 -1.3869687709444634e-07 1.7200428139566606 1.708795681392429
0.2260877377124923 -0.9737551412737604 -0.02617746548018634 -0.9693630523116729 -0.22755436885557112 0.0924893617003575 -0.09601878810443383 0.004464757290350634 -0.9953695084104668 -0.006487975553813086 -0.05621390628387454 0.23368202929785534 3.3578583362725567e-06 1.6903381998332074 -1.4081548460609383e-07 1.6932675917157605 1.6791184919088966
0.5938084978271643 -0.8044193330319068 0.01734948278044136 -0.80336903706745 -0.593952844495898 -0.04264045961935527 0.044605584735151464 0.011382229998287736 -0.998939831346564 -0.022343343573286267 -0.053608735985496425 0.2371828818140158 3.359781660883243e-06 1.6987177386062688 -1.43423031673251e-07 1.6991381835171735 1.6847466485519673
0.20852736649817163 -0.977977912111501 -0.008691423552351049 -0.9677409737894108 -0.20761314971640324 0.14273817889393703 -0.14139923999251341 -0.021353769851329186 -0.9897223203720708 0.0013745455511396665 -0.052038967343844486 0.23462919668636426 3.3610149685614488e-06 1.6966444853341258 -1.4481397592192025e-07 1.7002686142462435 1.6865284958713795
0.5298921111681764 -0.8479114798142109 -0.016139173492104586 -0.8404243786763914 -0.5275717388247992 0.12391498747035971 -0.11358351221957683 -0.05209781946159454 -0.9921615810739763 0.0063915780346275874 -0.04647673197138985 0.24748513657381815 3.3623757751399808e-06 1.7359559076635716 -1.4659837255237562e-07 1.7391764941392154 1.7248098502735996
0.46122948726692103 -0.8866484632718058 -0.03349421820610719 -0.8851108255387874 -0.4624120352425231 0.052477958962916856 -0.06201763127965432 0.005441713021903154 -0.9980602192101679 -0.003829316342508521 -0.05883142442408248 0.2503015197790621 3.3631360336627836e-06 1.742050703028629 -1.4774696044383973e-07 1.7442695894912266 1.7347884368670412
0.40194001102714644 -0.9156635671792994 -0.0021116997840531088 -0.9155925529789201 -0.4018774914013109 -0.013592602198713648 0.011597606004715374 0.0073968672740447996 -0.9999053864688846 -0.019892143111505778 -0.059175081011666034 0.2480470561818327 3.3647896895416807e-06 1.7365067485509034 -1.501984243645893e-07 1.7376335933932436 1.722875755139163
0.25146410008372094 -0.9623104298030022 0.10355888692645168 -0.9650080645590411 -0.2574994558119439 -0.0495324700834352 0.0743319696032468 -0.08747952302632887 -0.9933891942969725 -0.03468050799042899 -0.043963592529734835 0.25180407525369636 3.3667175696194818e-06 1.7426952910164548 -1.524479857906158e-07 1.7420131264779641 1.7282646101604495
-0.7212179191475105 -0.6927079577307783 -0.0006311869685993188 -0.6906687101925704 0.7190242743407065 0.07733579811285173 -0.05311728401816285 0.05621190448005573 -0.9970049026625992 -0.00583153328485434 -0.03178961471642838 0.25812402048398553 -1.6529373425555605e-09 1.2173778432870481 -9.821689239686293e-09 1.2089067235499078 1.2079236277375927
-0.7197425755655432 -0.6942288139309987 -0.0041205371296967365 -0.6924904709945322 0.7174938247700311 0.07523004053330677 -0.049270401866125475 0.05699969583103656 -0.9971576917294074 -0.007327436281167366 -0.030910553470911012 0.25716881096385646 -2.5294175642898153e-09 1.2163232984345473 -1.1934615073982968e-08 1.2066226408443557 1.2037071956171879
-0.7213578054524826 -0.6925496791934652 0.00422591549925422 -0.6902945826575139 0.7194755471994578 0.07647434952799065 -0.05600272909838344 0.052248242373013815 -0.9970625935729732 -0.006481029119478114 -0.029955596628153502 0.2576755327218614 0.0 1.23188 0.0 1.23188 1.23188
-0.7314987426174777 -0.6818407154747684 -0.0016817460881296351 -0.6801416354515966 0.7294973602399814 0.07239445509240658 -0.04813465772472802 0.05410027840736768 -0.9973746610988112 -0.009251818108022006 -0.02843616388129705 0.2569500726963457 -4.641209194744533e-09 1.2099588396091479 -1.2901693047240315e-08 1.2046770225264014 1.1980874021684693
-0.7392594934971833 -0.6734179113007603 0.0019282151356376357 -0.6706288505403022 0.7364521600382877 0.08885471736454434 -0.06125639637850972 0.06439357665374137 -0.9960427306036913 -0.008594978643604916 -0.02898832970250448 0.25693197228160064 0.0 1.23356 0.0 1.23356 1.23356
-0.7365739517211549 -0.6763561645963091 0.001073433021668432 -0.6735840847058946 0.733696783947285 0.08929451302478394 -0.061182468704718995 0.06504896492628763 -0.9960046875819486 -0.008186271207333435 -0.029380357757039177 0.25854502532780577 0.0 1.23608 0.0 1.23608 1.23608
-0.7387309518693256 -0.6739960568263392 0.0024281953764031124 -0.6721617795539279 0.7369768633734416 0.07115929285160329 -0.049750606600690785 0.050935432017305264 -0.9974620087542551 -0.007329566076494274 -0.029731607866514104 0.2571469689304097 0.0 1.23377 0.0 1.23377 1.23377
-0.7256089115863265 -0.6880915881951267 -0.0046555001465765355 -0.685493981242975 0.7222474920159618 0.09195956696455787 -0.0599141811774339 0.06991799862525677 -0.9957518588293351 -0.008534802662489927 -0.029959419138035903 0.2577109180722965 0.0 1.23356 0.0 1.23356 1.23356
-0.7320311921254343 -0.6812117761640412 0.008991650062572704 -0.6766225763919933 0.7285121573880965 0.10701367040898332 -0.07944949887870047 0.0722533912918532 -0.9942168901073598 -0.0059536161963799974 -0.02995201585596513 0.25622374153924726 -1.0724097165848434e-08 1.2080753808924038 -9.69744995416022e-09 1.208028947311333 1.1991345949130183
-0.7056654382037353 -0.7085042947878512 -0.007612725655116422 -0.706597191523349 0.7028885769343389 0.08165817378888345 -0.05250426893164034 0.0630024815573922 -0.9966313205300967 -0.008929391161997374 -0.030121839178002707 0.2572439066904722 0.0 1.23356 0.0 1.23356 1.23356
-0.7445526682725642 -0.6671315776487509 0.024016291805644754 -0.6598978526585786 0.7409626677484763 0.12453573406720728 -0.10087689638763768 0.07687511370365485 -0.9919244268936257 -0.005123116978434376 -0.027774090073545254 0.25651259006728017 -1.0164297847836679e-08 1.1999905399171054 -8.731392497907109e-09 1.2120536033291263 1.1992830001042796
-0.735916332199518 -0.6770641316515287 0.0033635744335811704 -0.673434781528526 0.7324677169272289 0.09988312513653089 -0.07009099107328626 0.07124047508526762 -0.9949934912751893 -0.0066131071927295546 -0.03043637614644029 0.2578254423352229 -1.1414841516454999e-08 1.209314108507388 -7.613731867195384e-09 1.2066889212743064 1.1989503878627037
-0.73559121827536 -0.6771815586706258 -0.01818505409926732 -0.6755040296456059 0.7312196908785299 0.0949319208910016 -0.050988876519489426 0.08211516466481039 -0.9953176549239702 -0.009147607603824924 -0.033021196943166964 0.25510186606945795 0.0 1.23608 0.0 1.23608 1.23608
-0.7229036723021224 -0.690378143006664 0.028076684825241567 -0.6880096623476203 0.722978091603581 0.06281228842796406 -0.06366305905640517 0.02609020352382032 -0.9976303504764009 -0.0032284776789679864 -0.028000397052311138 0.2590655372823755 -1.3006116184044458e-08 1.212390886977297 -9.234587317052956e-09 1.1986873710643478 1.1968451357654395
-0.7146275664248292 -0.6986795204939734 0.03397600547500889 -0.6961246284486005 0.7151040136849901 0.06353543325511757 -0.06868728392522445 0.021752637861393653 -0.9974010626488459 -0.005160367856769117 -0.02409498762589904 0.25666722467599556 -1.3891559902390327e-08 1.2107098435705437 -1.0072005451888799e-08 1.202919329318993 1.198629596915799
-0.762093383211825 -0.6452082937472449 -0.05403640388223063 -0.6474311903054768 0.7585132572514045 0.07409785687520208 -0.00682122308591347 0.09145433972006842 -0.9957859080454887 -0.01472581288791774 -0.03565537837796018 0.25861304268226937 -1.4619676136362614e-08 1.211618164431945 -1.0788194337862933e-08 1.2059140104862012 1.2014988178210633
-0.7064125606841661 -0.7073097649025925 -0.02634749667574966 -0.7066021545356284 0.7025629534628326 0.084372339230281 -0.04116660434438499 0.07821887812428094 -0.9960858988017709 -0.011642407161895591 -0.03146385532751886 0.25822309393325227 -1.6177615691503888e-08 1.2080994760288375 -9.474312001600538e-09 1.206888759540477 1.1985132511199605
-0.7370543512131955 -0.6744023483269349 -0.04395857059563418 -0.6755456998237007 0.7332824896461742 0.07703763903453431 -0.019720314586798952 0.08647695039387227 -0.9960586560254238 -0.014836444313825147 -0.03345567127132673 0.2564625852007321 0.0 1.23356 0.0 1.23356 1.23356
-0.7034291232469604 -0.7107650629425898 0.0007027575891398984 -0.7070916891314077 0.6998933762655211 0.10084941755380947 -0.07217209799711623 0.07044350331908797 -0.9949014529644776 -0.008479653680668294 -0.02870361263151333 0.25532343179016875 -1.7744586244816674e-08 1.2049664854789564 -7.34081062603309e-09 1.2102595758599648 1.1993458138132551
-0.7280145631276406 -0.6844272587296162 -0.03942237159195072 -0.6851632843870221 0.7244274810167074 0.0758689559423131 -0.023368132190213914 0.08224446641355987 -0.9963381846252254 -0.012564366749436116 -0.03359058459439215 0.2593009346675797 -1.857891440693038e-08 1.2117324377133718 -7.531676615712968e-09 1.2069296262553335 1.2029884451633812
-0.772399807031038 -0.6342419455304945 -0.03370003899268452 -0.6351154921273781 0.7717189770900538 0.03283492133201176 0.005181675232373553 0.04676510375027585 -0.9988924743499733 -0.011253717011287948 -0.03681431187979933 0.25453148031132133 -1.865671972467453e-08 1.2099587979382571 -9.846688797665593e-09 1.1946567676006277 1.194753691590952
-0.7399195813889001 -0.671350157203246 0.04252034219584223 -0.6647841330548744 0.7394210971296039 0.10638842774536904 -0.10286432576823555 0.05045203209811714 -0.9934150808908716 -0.005942984633593435 -0.022577770372507272 0.2548886041261105 0.0 1.22608 0.0 1.22608 1.22608
-0.7197664128223501 -0.6915160184004054 -0.06117113100553606 -0.6939027848369068 0.7192909090635939 0.033459129308065896 0.020862314551162178 0.0665295756345905 -0.9975663283198013 -0.015838081583022155 -0.03584864667583337 0.25623525631513683 0.0 1.22647 0.0 1.22647 1.22647
-0.77134688301866 -0.6363017856389355 0.012000985380373766 -0.6300297116634098 0.7661365901598233 0.12687508675701292 -0.0899252382744596 0.0903037253438703 -0.9918461013233357 -0.009193432687161905 -0.027219648472064678 0.25848063363017915 -1.3239639606865694e-08 1.1991028220895261 -1.3198657278223891e-08 1.2126798846907256 1.1990701669662212
-0.7456017656466306 -0.6630885930466808 -0.06626858106222253 -0.6658378791175839 0.7453430059232617 0.03352196673040305 0.027164789651765667 0.06911816904873805 -0.9972385636900156 -0.01821921084775357 -0.034342713000369535 0.2522133644226848 0.0 1.23102 0.0 1.23102 1.23102
-0.7745360179638252 -0.6325251672227339 0.0024227477362479 -0.6323832754280939 0.7744333497444563 0.0185574718756631 -0.013614324646353242 0.012841325221067328 -0.9998248599284729 -0.01223687815682131 -0.02553163456319335 0.25505031439680725 0.0 1.23068 0.0 1.23068 1.23068
-0.7781968873264317 -0.6260058337406117 0.05026231867089819 -0.6181427351157562 0.7776388976827349 0.1147924380540522 -0.11094666997736005 0.0582618308457869 -0.9921171279075025 -0.004815945259807979 -0.02296927497989737 0.2591637332256953 -1.0806371797400516e-08 1.1983135076944569 -1.8166413262576953e-08 1.212678709057391 1.1988561482222622
-0.804340194761235 -0.5925725128751875 -0.04352778510611778 -0.5934028471586682 0.7974253351631014 0.10948011611247827 -0.03016474888748513 0.11388876952887435 -0.9930354656807349 -0.013099760971210496 -0.03684074339333912 0.25173565695095484 -1.0417190665634735e-08 1.209271022834157 -1.6935859825650823e-08 1.2144142293443778 1.2045981309913891
-0.7342431227093692 -0.6787479572590019 -0.013720323273381128 -0.6706286975250282 0.7220210768780444 0.17012558478886514 -0.10556603056797381 0.1341147831545838 -0.985326868673295 -0.013700143215325752 -0.029508342853928587 0.25098817552816244 -8.07575961658813e-09 1.199473921182462 -1.6732466079361075e-08 1.2128881606134794 1.1995248755767385
-0.7777393986343754 -0.6284454661231985 0.01333131355253442 -0.6284756644743225 0.777825812464272 0.0023118451189804105 -0.011822308378618333 -0.0065803931106729685 -0.9999084615359097 -0.009490802751544906 -0.027192351760864347 0.25882896305861797 -7.82356046613586e-09 1.2098879633906368 -1.9151566554853616e-08 1.195517075205358 1.1956632299416992
-0.6997443022352008 -0.7053087003107844 -0.11356737540017395 -0.7094441170552768 0.7047398822227421 -0.005544653310564598 0.08394615098401273 0.07668986680512443 -0.9935148252866596 -0.024051652983836217 -0.040812543912810445 0.25942662325276444 -7.769198617779693e-09 1.2089046723947892 -2.1286449936042118e-08 1.1932053972678034 1.1971868970529478
-0.7241596405540286 -0.6896023314845924 0.00643734445826075 -0.6829428621684346 0.7184009547503486 0.1322464185790081 -0.09582203298744267 0.0913711804936434 -0.9911959671877966 -0.007208679381845221 -0.02902116724521428 0.26308161680093034 -5.801432223506708e-09 1.1954336827373373 -2.1685268691840065e-08 1.20982474426929 1.1956262783344256
-0.7841384164560065 -0.6183710031590387 0.05238555421058626 -0.6124138492099255 0.7847046137007258 0.09585377683053116 -0.10038038221559473 0.04308098987811981 -0.9940159994574396 -0.00387829333697909 -0.023880341315466513 0.25453371109501766 -3.346579013907558e-09 1.1990935582911577 -2.1652606818634013e-08 1.2117246879021204 1.1983491440726057
-0.8400824683273218 -0.5415505641556412 0.03137567324825326 -0.5345872584325086 0.8363238788859089 0.12156822252069721 -0.09207556424311811 0.08535429730209451 -0.9920870598900969 -0.008073824076747182 -0.026844205848938985 0.25322453128043165 0.0 1.21916 0.0 1.21916 1.21916
