0.9998616727699826 0.01588607312210915 0.004926256831621095 -0.004106539792430628 -0.05122573745795769 0.9986786571028848 0.016117433311333293 -0.9985607425202772 -0.05115341475216814 -0.027297309276568732 0.1412698784208979 0.02847850707678032 0.0 1.67851 0.0 1.67851 1.67851
0.9999896806201586 0.004442186948730061 0.0009516450522570457 -0.0009387581133699192 -0.0029022189536354348 0.999995347918354 0.004444928165621483 -0.999985921951033 -0.0028980188654964423 -0.0252346046203716 0.14875898807848548 0.022698238133859017 -4.890976512683665e-10 1.6465560103539456 -8.820144614674064e-10 1.6453221573233705 1.638595920014441
0.9999966164528762 0.00041716945605316334 0.002567693993490466 -0.0025662728158356344 -0.0033722637540951825 0.9999910210001925 0.00042582465167455356 -0.9999942268867446 -0.0033711817732471902 -0.024861553361168597 0.1473950166351156 0.023035547537963913 0.0 1.66723 0.0 1.66723 1.66723
