0.999964098044628 0.0001498300428213189 0.008472318027057847 -0.008471751334047652 -0.0034470508145378644 0.999958172760249 0.00017902828660038952 -0.999994047678105 -0.0034456577358082047 -0.013368864773790007 0.1862471987551961 -0.05318165129760356 -4.81617412617652e-10 1.4575671664751502 -5.8048943429867e-10 1.454998626991185 1.4337670133611198
0.999338307461877 0.03461246735433529 -0.011176955885939834 0.011521600447005717 -0.009773836231335799 0.9998858559097947 0.03449927480934533 -0.9993530153198961 -0.010166159976174366 -0.018956736175762216 0.18645590808113538 -0.04097852048397492 2.105669130614274e-06 1.4522324353545937 5.484934195720825e-08 1.4553177343362034 1.433435463185
0.993738070934276 -0.11172127922857304 0.0017326694304321908 -0.0011307724931230488 0.005450625990796572 0.9999845058949048 -0.1117289923403623 -0.9937246331070995 0.005290163208030223 0.005280450653127432 0.18350166636353799 -0.05269716042358266 -3.488809241503077e-10 1.406159617379977 2.3729995746180066e-10 1.4060300666399872 1.3948965770734718
0.9904935948646404 -0.137224869027572 0.00957986703913594 -0.00800424380819497 0.012029268270736936 0.9998956089442186 -0.1373257827692265 -0.990466875783959 0.010816531864829074 0.008560492007941975 0.1878967026670132 -0.05221272692968923 -2.751869843109489e-10 1.4182865302263705 1.8468693241402434e-10 1.4159522766982073 1.4094310728056847
0.993185624975462 -0.11602594769430125 0.010967853196520239 -0.009414783895714629 0.013925122988001878 0.9998587164164576 -0.11616228383730297 -0.9931485641188877 0.012737872753861483 0.004787658748825395 0.1886512521075971 -0.05319811111541117 2.899191997585149e-10 1.4194075859963284 -4.38860503493288e-10 1.4163021437331826 1.4091370775025158
0.9941898120835749 -0.10481431442873286 0.024506673378090656 -0.022566571541199933 0.019656104877284638 0.9995520933847964 -0.10524907314604534 -0.9942975394879985 0.017176599489144833 0.002875410343435407 0.1891775377601416 -0.053125747983558416 6.623164239272228e-10 1.4203044632772128 -1.0304130881877427e-09 1.41343631155262 1.4074702004087092
0.9960202297744557 -0.08795509386452575 0.014408446943460813 -0.012752494941467015 0.01936023864933555 0.9997312414005118 -0.08821040614807259 -0.9959362844192008 0.018161542458415877 0.00010827869732567448 0.18811081438874055 -0.0539550728991897 1.2803589299892337e-09 1.4227525294016168 -1.9981980514671704e-09 1.4194210747576657 1.4117296919950721
0.9941324003685821 -0.10677693338446992 0.017304826910704167 -0.01590582394191473 0.01393991313328021 0.9997763167761904 -0.10699427695970365 -0.9941852771585613 0.01215974420064644 0.0034599220384698612 0.18733571694708426 -0.05369005909710521 1.437498120537839e-09 1.421787567256633 -2.304230584115885e-09 1.4180838886324558 1.4123023323437565
0.9914909368240307 -0.1299046468790813 0.008396720492392474 -0.007918168019950812 0.004199937320354202 0.9999598307640727 -0.12993469440843736 -0.9915175960343448 0.0031355929677992517 0.007342025693438461 0.1877110035824951 -0.055784430401779786 1.4944330217758761e-09 1.4193595363271427 -2.4056294734009498e-09 1.4166861740515486 1.4108496148692886
0.9919684071750454 -0.12626778691097457 0.0074246316547080145 -0.00661492483036121 0.006830717225533219 0.9999547910139106 -0.12631279403168963 -0.9919726746694133 0.00594060376716317 0.006539345804069171 0.18787633660029557 -0.05330881208718602 1.6455006246474113e-09 1.4154962805209905 -2.5428601446719767e-09 1.4136647871849295 1.4074154354945083
0.9922729964734324 -0.12183866667888876 0.02344439744472243 -0.019666119783479326 0.03212119586172991 0.999290484548449 -0.12250528234446592 -0.9920300237786772 0.02947690145486231 0.0058711251371362586 0.18934470987559038 -0.053277887624557416 1.9755335145532626e-09 1.4199097757841255 -3.0500411085654378e-09 1.413782481741003 1.4079655460206206
0.9912430229569246 -0.13169343100276576 0.009701013861327872 -0.006044237041026624 0.02813874181213152 0.9995857534037899 -0.13191185177158943 -0.9908910391359638 0.027096345182334853 0.0074901220373515005 0.1890667378895406 -0.05430807805151437 2.4970123746470563e-09 1.4170161859927877 -3.633905620858968e-09 1.4151338713875967 1.4080049264397552
0.9916012543099655 -0.12918701912000102 0.006137307373087061 -0.002215028868875459 0.03048305337336367 0.9995328294279018 -0.12931375061459358 -0.9911516016977048 0.029940880983390265 0.007051340797404481 0.18837318488076976 -0.054549094063935835 2.5456685648350685e-09 1.4149631560418303 -3.6836249606153615e-09 1.4146861900487853 1.4074010779624144
0.9887463909940448 -0.1493235910384598 0.009112598730885447 -0.0037848408894729686 0.035924688323660546 0.9993473328869644 -0.14955349971061427 -0.9881355584777965 0.03495523989447996 0.010632571777834228 0.18842196047935864 -0.05403152437527142 2.3754784805873896e-09 1.4161927921337263 -3.4257094938539012e-09 1.4150923282071446 1.4083566064011892
0.9935780519132982 -0.11302815447007895 0.0052240839640596524 0.0007134668856960324 0.052427496398477116 0.998624478263171 -0.1131465674299428 -0.9922076364947386 0.05217145158365608 0.004271503471685223 0.18924831371392725 -0.053197813508725295 2.5056481334218006e-09 1.4174713116249347 -3.4821514560690048e-09 1.4176279434914738 1.4095556995916416
0.9959471743755633 -0.08953357980532163 0.008541893266436458 -0.003507356845062125 0.05623789522955099 0.9984112367096593 -0.089871710239054 -0.9943948095336148 0.05569594663270718 0.0003061527028296458 0.18974075640061847 -0.05208964468955732 2.5633655198475935e-09 1.4200419955948558 -3.501547496398416e-09 1.4187524786574421 1.4097594734114667
0.9964490733010055 -0.08319633146606331 0.012946611454604663 -0.00943811561940404 0.04242705314243221 0.9990549870428576 -0.08366699642704009 -0.9956296076313915 0.041491181191182114 -0.000715578270290943 0.18973044208666598 -0.05176945134534919 2.9932643030861072e-09 1.420413353645639 -4.00809874179231e-09 1.4176260353144023 1.4094152619333329
0.9957292872362579 -0.09062721521664628 0.017603817825962806 -0.015152850805402181 0.027661914302586122 0.9995024810422362 -0.09106908175908678 -0.9955006410641795 0.02617051754101761 0.0005888184091598408 0.19000936910307045 -0.051783042000302176 2.837946766476307e-09 1.4232448557540742 -4.04826128175273e-09 1.41874088915925 1.4110677603896393
0.9952470399390525 -0.09726159390075892 0.004848901364034006 -0.003537105006326025 0.013655191050607916 0.9999005073733815 -0.09731812976382406 -0.9951651712702044 0.013246264002210146 0.0015615251673157372 0.18898756436625425 -0.05277293267360905 3.0568658715424135e-09 1.4217773615852636 -4.375301010384192e-09 1.4205874880743288 1.4124031562685815
0.9967149076089626 -0.08090641763890341 -0.0036802900559866833 0.004494346226539511 0.009881894670373564 0.9999410727686506 -0.08086528180902386 -0.9966727144567382 0.010213053186201124 -0.0019072323107106638 0.1874577327622442 -0.05243495489418307 3.147368587974597e-09 1.421701053918352 -4.54466331234471e-09 1.422139695783299 1.4139431927330977
0.9954758847535302 -0.09386202737433907 0.014754073720673389 -0.014342017619801091 0.005063116962896749 0.9998843289987163 -0.09392587186057715 -0.9955723402464526 0.003694039987817225 0.0010387700059073387 0.18823208309305062 -0.05184367042566068 3.3064209148392365e-09 1.4225562870526334 -4.845831291788727e-09 1.4183476720753765 1.41116549674598
0.9952207575361395 -0.09430696225557836 0.02533457399123935 -0.02396519255948736 0.015625007202271547 0.9995906805765626 -0.09466421348524134 -0.9954205422935843 0.013290246994197084 0.0013105409082212378 0.18738814544452773 -0.05112909419168625 3.9327803236233194e-09 1.4244437765743756 -5.78863268430041e-09 1.4187774828065827 1.413884725165489
0.9955722952215635 -0.08975838546331816 0.027914820907296207 -0.026001690668237223 0.022413560596417775 0.9994105984948248 -0.09033115226576781 -0.99571133595054 0.019980450193365647 0.0004368520270078241 0.18793349767413792 -0.05101667218536493 4.415163346038753e-09 1.4223602809448233 -6.52203979711885e-09 1.415641223992849 1.409723966328455
0.9957208880131605 -0.09166416482921148 0.011730049464787388 -0.010273941699934291 0.016341017280348473 0.9998136912826258 -0.0918387679372364 -0.9956558903759907 0.015329339951998498 0.0007448720485554018 0.18829307115544577 -0.05226764488147767 4.86611106964574e-09 1.4242019157034802 -7.279057356868179e-09 1.4213217841916341 1.4135958830281776
0.9951385779984598 -0.09814923826378685 0.008120197500153515 -0.005801943775768962 0.023882067036347036 0.9996979465431017 -0.09831351904812437 -0.9948851058802267 0.02319650986817324 0.0017181916764760852 0.18835506806910401 -0.05209910864019378 5.105626144086273e-09 1.4183602481947055 -7.668050194808984e-09 1.4167644702748152 1.4092407673444605
0.9958012921041479 -0.090484344811118 0.013869750820118387 -0.01187980718621119 0.022493782695295853 0.9996763976013814 -0.09076704702108532 -0.9956438183829392 0.0213244013025588 0.0006214586958453012 0.18794482524225053 -0.05296909317890974 5.70217650874838e-09 1.4241338317947196 -8.439041465635455e-09 1.4213256385985789 1.4136088967071814
0.9945904620366618 -0.10239450429712976 0.017469353606953352 -0.016239019740960516 0.012836980974133374 0.9997857301228712 -0.1025968179991582 -0.9946610364386527 0.011104752461572193 0.0023526438276622744 0.18837196173975204 -0.05189776630184516 6.250782114136655e-09 1.4184056591033452 -9.206030604502757e-09 1.4136861634974487 1.4075389772437186
0.9957803734066759 -0.08750635549985351 0.027642099869477188 -0.02782234617792904 -0.000840588961561374 0.9996125301652402 -0.08744921378272288 -0.9961636066215885 -0.0032716741055109646 -5.350136578624923e-05 0.18889985740075008 -0.05196605803539822 6.930575224828317e-09 1.4218814765457477 -1.0157622298834212e-08 1.414281302774664 1.4086567286313736
0.9961929342414386 -0.08074411969069191 0.03286373233228214 -0.03378959525330898 -0.010126756601166943 0.9993776623746192 -0.08036106656864522 -0.9966834181103427 -0.012816514496298571 -0.001585169560197873 0.18920845963035904 -0.05141130794704704 7.534291412980565e-09 1.4199276259189775 -1.1331914073764437e-08 1.4104552832085187 1.4067057381096575
0.9947274097668075 -0.10115605254833539 0.016877004812944005 -0.018561358037732758 -0.01573295421733279 0.9997039312413402 -0.10086057825737875 -0.9947461621863305 -0.017527594505620577 0.0022729766695363434 0.18861815289961298 -0.05046860624601092 7.824245251697448e-09 1.423497217640545 -1.1890690210236698e-08 1.4177489303143336 1.4118062742260271
0.9956600977215018 -0.08891204729898533 0.027488500328548736 -0.029500570306195052 -0.021395294027351925 0.9993357582640042 -0.08826486365943627 -0.9958096651662838 -0.023925396644464938 8.604018866474519e-05 0.1884025041656333 -0.05029953440556968 8.465509182542519e-09 1.4223635623524435 -1.2833174523052548e-08 1.413966330595831 1.4093902254989015
0.9961016413938292 -0.0881987217186487 -0.0015828770374472743 -0.0012541123789888975 -0.032101184229346734 0.9994838373746793 -0.08820400906228795 -0.9955855058498342 -0.032086653410256336 -0.00024043502018030643 0.18884611772643767 -0.049524353824848655 8.580053112439145e-09 1.422677122836272 -1.3053669256635203e-08 1.4223127418439079 1.4147773047813406
0.995743087063492 -0.09074870914251842 0.016136181525805024 -0.019426588031848165 -0.035492770741963296 0.9991811001527697 -0.09010167724691917 -0.995241144152524 -0.03710461889397303 0.00037523006035700634 0.18904016381293148 -0.048088392436367866 9.024204494778587e-09 1.420707399205937 -1.3744934967974132e-08 1.415121700034832 1.4086588024907112
0.9968671254123346 -0.07199428091914453 0.03275298134650197 -0.03448121349792671 -0.022894507876462734 0.9991430765535059 -0.0711827239423963 -0.9971422491420318 -0.025305232425542192 -0.0030120274074854083 0.1899607951415309 -0.047597130625145964 9.634665509850038e-09 1.4209534398527666 -1.4739507392391715e-08 1.4123935485903525 1.4081090572384198
0.995496948497086 -0.08970823320595259 0.03063100435925581 -0.031993431430107314 -0.013788624689724423 0.9993929628401897 -0.08923141755187655 -0.9958726357944735 -0.016596608010382964 0.00024700465553439667 0.1895364966317157 -0.04778585175590766 1.0313620180113503e-08 1.4233593819293775 -1.581757125279637e-08 1.4144052997142031 1.4093863489879102
0.995637939754157 -0.08706089905845113 0.03354836474750624 -0.034652076650526435 -0.01119687138882775 0.9993367118518702 -0.08662751587055684 -0.9961400654156202 -0.014164870908701922 -0.0001914503956585386 0.1895537358568861 -0.04652936341601417 1.0895742086347582e-08 1.4227369870175233 -1.698248741632824e-08 1.413175749429504 1.408403069453775
0.9966800671445277 -0.07161941397543588 0.03872342054357856 -0.040263144893305125 -0.020180931158053892 0.9989852897720239 -0.07076526633935902 -0.9972278523784868 -0.022997554663714826 -0.0028570747236092925 0.1899772082533147 -0.04581012268305393 1.1443968439550645e-08 1.4207678851647856 -1.7964259413361106e-08 1.4103555598718458 1.4068857972827695
0.9948494509695243 -0.09326747853168131 0.039695684324348404 -0.04192194007207665 -0.022032070730153855 0.9988779398905226 -0.09228824868979349 -0.9953972901850214 -0.02582854711529414 0.0007922305296041322 0.18893752488075594 -0.04570850694340761 1.1913955155762324e-08 1.4216385248149885 -1.889271938892989e-08 1.4105641561028648 1.4073497014578864
0.9957226411027835 -0.08828587495469836 0.02724015930167557 -0.030599000552057883 -0.036917475608230374 0.9988497390298157 -0.08717868524193549 -0.9954108218611042 -0.039461025851952464 -3.585890957316824e-05 0.18880476687082182 -0.04616633198983526 1.2343684296922675e-08 1.42341668696118 -1.97026972514891e-08 1.4152499991593235 1.4105721127727033
0.9945807421642897 -0.09789318557831764 0.035015304271986576 -0.037905514883070396 -0.02782133536684607 0.9988939609587472 -0.0968107393700723 -0.9948079701709948 -0.031381255980049455 0.0014603601042699017 0.1893991830366598 -0.04570806864299802 1.2805043247965386e-08 1.4215451993246617 -2.0557423319189638e-08 1.4108011413303698 1.4072771358592728
0.9966973727622919 -0.07475458130923651 0.031719074734705886 -0.0344639627989739 -0.03571904602015215 0.9987674328989712 -0.07352946618149797 -0.996562041382618 -0.038177418435155444 -0.002352075902927222 0.18989370341211195 -0.04412935624899576 1.345930300544751e-08 1.4235391956334542 -2.1690741647262257e-08 1.4145827481636326 1.40959338104419
0.9967865806133821 -0.07685302046168131 0.022585968099634045 -0.025628946442099156 -0.03884154557028407 0.9989166589070279 -0.07589248851730523 -0.9962855753164491 -0.0406863933400683 -0.0025620009864060845 0.18977817172815217 -0.042682494148183994 1.4081941834831468e-08 1.4185970008942839 -2.2636338137260736e-08 1.412243131208177 1.4076814291087159
0.9974971695770997 -0.06787989069765936 0.019791844900076603 -0.02185408905970668 -0.029773922322935697 0.9993177234197731 -0.06724429698528551 -0.9972491333605569 -0.03118285642100658 -0.003458917615759552 0.1906605285263574 -0.04281753128424187 1.492520063095526e-08 1.4212713653535038 -2.3839876739373267e-08 1.4153127764984825 1.409508335010413
0.997535134440785 -0.06945724287374289 0.009967294948124743 -0.012940822692270785 -0.04249331758794017 0.9990129393898848 -0.06896514093549168 -0.9966794917990178 -0.043287411137643964 -0.0034222499370487533 0.19118144756662853 -0.04204421480969783 1.564874274606609e-08 1.4205158774964772 -2.483145689069488e-08 1.4170071069024557 1.4095894093293326
0.9965216893848841 -0.0826263585738951 0.010835472039315201 -0.013101926415469983 -0.026937459194779842 0.9995512557224534 -0.08229740038239532 -0.9962164715366575 -0.0279263268145318 -0.0009552827107443965 0.1918815767415179 -0.04122896733915192 1.655224757257656e-08 1.4201306686894837 -2.6013123211043876e-08 1.416263347999842 1.4086090394900106
0.9975291717215155 -0.06626308262827267 0.02333999668350741 -0.02531292361740839 -0.02909227787980969 0.9992561709920551 -0.06553478055602746 -0.997377984140598 -0.030697708206162203 -0.0036597359072772645 0.19253036262094142 -0.04251908816499146 1.7641982097416076e-08 1.425133045269468 -2.7462937701727697e-08 1.4183112453196625 1.4116354959762845
0.9970082927432067 -0.07567276381051857 0.015751095788996295 -0.019059417867724214 -0.043197424059034054 0.9988847386686853 -0.07490796213901524 -0.9961965746638268 -0.044510468838672115 -0.0021796307231910484 0.1911499254592729 -0.041030258239200215 1.8587167360806234e-08 1.4212393323088142 -2.874149274134652e-08 1.4160074027313225 1.409400513920378
0.9974622013008139 -0.07011257847286073 0.012384801816001323 -0.0156895206140932 -0.046781730143745065 0.9987819124652075 -0.06944779275855086 -0.9964415166303764 -0.047763040275097764 -0.003037724501666112 0.19054862292241062 -0.04027448721983508 1.935287219367865e-08 1.422767721786573 -2.975556245843336e-08 1.4182421181062423 1.4105914916043325
0.9971557511458505 -0.07515001295858244 0.0057344144495577965 -0.0078729209334416 -0.02819122442224452 0.9995715442035905 -0.07495615433525243 -0.9967736605759101 -0.028702691674654515 -0.0021782716270527906 0.18984840539493608 -0.03991945592837581 2.029233758804594e-08 1.4200559014503824 -3.085970767813251e-08 1.4177349613470076 1.4097201170194387
0.9954406661079018 -0.09535808798336802 -0.0021714775644631748 -0.0005041641635038252 -0.02802583291586378 0.9996070720577502 -0.09538147659348202 -0.9950484348741665 -0.02794612991665766 0.0013063053576478282 0.190201070374076 -0.039754944152394195 2.0569582481755333e-08 1.4198110836292086 -3.119223013214878e-08 1.4195199750627747 1.4102451043216968
0.9946067402680707 -0.10310306500172224 -0.011277863298209881 0.007050494767419384 -0.04127426037674986 0.9991229783934942 -0.1034781268522825 -0.9938139631830512 -0.04032472994999523 0.0026325612465293493 0.19109185341893153 -0.040001573609231234 2.0984260551415446e-08 1.4149758158485817 -3.153887373485986e-08 1.4169986013710831 1.407117619068492
0.9937550715852274 -0.11155384534950692 -0.002568518323494773 -0.00027586099262167925 -0.02547489865341134 0.9996754240448802 -0.11158307039758579 -0.9934318140296982 -0.025346583089456077 0.003906671110404254 0.1902613267221458 -0.04075313556488497 2.127426856901593e-08 1.415000788190146 -3.169638596034474e-08 1.4147405197235043 1.4065429003859506
0.9927357110180973 -0.12021673192211459 -0.004872928827633506 0.0009818754370258705 -0.03240501084148778 0.9994743374359291 -0.12031144579805743 -0.992218651627921 -0.03205157362207968 0.005425716433324919 0.189211194256192 -0.04102261635962387 2.122839060092474e-08 1.414503361813999 -3.1630030150608945e-08 1.414683789450474 1.4061828313669773
0.9946144187239203 -0.10345106725398115 0.006327301991414095 -0.009404404136588513 -0.029283868460934063 0.9995268942008507 -0.10321683607490592 -0.9942033653795258 -0.030099053452077515 0.002552612161197859 0.18994154974973984 -0.04105043613618904 2.1512745362883834e-08 1.4194174745347947 -3.19825019801101e-08 1.4164069796966992 1.4090212239936317
0.9945934157523029 -0.10343357980816223 0.009242938398320853 -0.012172583350276267 -0.027728634602981958 0.9995413703482386 -0.10312984803996947 -0.9942497761584475 -0.028837771275359633 0.0025979064668038405 0.19061926831158849 -0.04207932819556309 2.215117511639164e-08 1.4214018600074434 -3.272333870540933e-08 1.4177632221098682 1.4104138016019157
0.9931330210227974 -0.11595842947725518 0.015506295086195027 -0.018427611830720506 -0.0241632795625695 0.999538172879354 -0.11553019378650767 -0.992960109246061 -0.02613418775669991 0.0047393317644977475 0.19045142421376327 -0.04247188703580876 2.2387393272538247e-08 1.4221787366046215 -3.3162213419757336e-08 1.4167903738581353 1.410436435588716
0.9934567142183599 -0.10902028910377322 0.03403429943732508 -0.03610669792968462 -0.017091396803218372 0.9992017766797302 -0.10835157285002515 -0.9938925800704244 -0.020915925556404334 0.0031865123459659506 0.19078072231386725 -0.04360691692104034 2.302773083329157e-08 1.416643681770278 -3.407726012483181e-08 1.406459961237137 1.4034452034859601
0.9921388594670184 -0.11770416752892371 0.04249955860719858 -0.04396192473905094 -0.009854614661805431 0.9989846023553643 -0.11716583422108029 -0.9929998064028968 -0.014951647905429787 0.004904516802641617 0.1901813826592866 -0.042896392698636016 2.331943971256578e-08 1.4191663309644627 -3.506819279408546e-08 1.4064317425614021 1.4042160748435082
0.9939510396825252 -0.10110194371684447 0.04289204694000235 -0.043942777674363345 -0.008187709356643112 0.9990004973501028 -0.10064970444213353 -0.9948423786671772 -0.012580882462849054 0.002053188417888939 0.1912556869113347 -0.04467113388984387 2.3608525800966618e-08 1.4164909149702627 -3.6048908746977304e-08 1.4042290088145881 1.4022910074687394
0.9923681281463618 -0.12315631382289384 0.006166085049948158 -0.006185718952998395 0.00022294098678017973 0.9999808434056879 -0.12315532924043858 -0.992387259421882 -0.0005405708148575449 0.00566359158092666 0.19137660180056904 -0.046389670005094655 2.3318011521666904e-08 1.4180098694156156 -3.5971391199041136e-08 1.4162906877807266 1.4100808050080493
0.9900127403980596 -0.1407460925763637 0.00808153908670372 -0.007016781163678633 0.008059725644265693 0.9999429011721821 -0.14080319112727988 -0.9900129182222953 0.0069916465406847945 0.008905562087808069 0.1905865819015042 -0.04578515376685302 2.3179398844774823e-08 1.414315429349406 -3.59458578458316e-08 1.4119893377261397 1.405606481366851
0.9870113573309117 -0.16055162624296485 0.005635229412429943 -0.004342476216565971 0.008401684062689542 0.9999552763025051 -0.16059179119774447 -0.9869916853832407 0.0075953659720896256 0.01235000905439319 0.19023441944145814 -0.04718643754593538 2.300205270699962e-08 1.4116420665362668 -3.58256073695884e-08 1.4100239051879013 1.4036069076226294
0.9876007762839043 -0.1568912335310769 0.005463288801337028 -0.004087469907775115 0.009090558672437077 0.9999503259326317 -0.15693310445276595 -0.987574049164983 0.008336554605901242 0.011699772567978845 0.1904961045217347 -0.04572935445430562 2.305667035074066e-08 1.411908199831431 -3.58388669852161e-08 1.4102718186482424 1.4038968041837006
0.9878620667243337 -0.15525347439977705 0.00498957051517164 -0.004136819979066224 0.0058152380986089235 0.9999745345389138 -0.15527853633902175 -0.9878575513163091 0.005102397451869451 0.011317257800148956 0.19078374520397606 -0.048360539668670016 2.3310640528961812e-08 1.412509773565982 -3.600735798414689e-08 1.4116427135803091 1.4052717815659115
0.9863808119447329 0.164475474213928 -0.0008439249688775552 0.0008729993572108806 -0.0001044847093069576 0.9999996134774594 0.16447532246319482 -0.9863811674322706 -0.00024664869566772007 -0.041972797201869305 0.1760234560153461 -0.05254150167662361 -2.8348168257252837e-10 1.4126085597743794 -2.113438313244842e-10 1.4124905073816567 1.4040906610050738
0.9868272828052618 0.16165479163504096 -0.006296209384657041 0.003558286216381158 0.017220782113665907 0.9998453796775759 0.16173822216899222 -0.9866971029676865 0.016418723604123442 -0.04171418779522948 0.17688841920850532 -0.05205053575787412 -3.836619910657646e-10 1.41002102810201 -1.6914913913979035e-10 1.4109416875029392 1.4030465107224845
0.9797596167411046 0.199861162472696 -0.011252072626245082 0.007986205484632594 0.017139394445735163 0.9998212148579317 0.2000182839774427 -0.979674311642954 0.01519635422142361 -0.04767067123838676 0.17466160569322267 -0.05161617939101139 -6.277121045172862e-10 1.396169614847464 1.0189538102167717e-10 1.3989777882885095 1.3900167550589257
0.9866713856123691 0.16215733995086307 0.013585798240352182 -0.021281027876438346 0.04581308300439205 0.9987233246891528 0.16132791037600894 -0.9857008463655151 0.048653332958981395 -0.04159156798508766 0.17715154219854184 -0.05379969920691599 4.179065982157226e-10 1.4116767187388062 -1.1133423072351434e-09 1.4054143091602436 1.401859452836911
0.9852183010466408 0.17114787630691589 0.007300939556184147 -0.015607240478603776 0.0472377457563312 0.9987617380639404 0.1705910704797102 -0.9841122902451187 0.04921063768225017 -0.04291656059717806 0.17544382102342004 -0.05021739684700151 1.2006564631406036e-09 1.4073743674795045 -2.0189387939240078e-09 1.4021701743528254 1.397732667999981
0.977775604565832 0.20768481841563707 0.028668507383289042 -0.04646114979913911 0.0813061355148771 0.9956056819278295 0.20444125971844282 -0.9748109193722135 0.08914843126738634 -0.04810354087092303 0.17257283657254424 -0.05019367117269452 1.4189751595949929e-09 1.3953018750561759 -2.42796094340747e-09 1.3862750560175918 1.3839404176444416
0.986639817796204 0.16264108378214748 -0.009473531825132452 -0.007533156653422926 0.10363166279174825 0.9945872158930318 0.1627425005642604 -0.981227983871835 0.10347232565718154 -0.04185403232168418 0.17828166699434775 -0.05548948677980904 1.2885941202966933e-09 1.4111579932296037 -2.2578383607196884e-09 1.4087517118788249 1.402935473166126
0.9839870962751397 0.17783152429409158 0.012055842204461611 -0.04615017458807995 0.18886062713068463 0.9809188676467052 0.17216142352312466 -0.9657678874797218 0.19404337598446098 -0.043393894017667016 0.19063345385487135 -0.0528467457663387 1.258491089117797e-09 1.4122129933206304 -1.9640271631260475e-09 1.4152027799660196 1.4032527175485
0.9855489694912146 0.16653378119508783 0.03097948443197847 -0.058149640708535205 0.16084614356122154 0.9852650087093071 0.1590969767791734 -0.9728283598982657 0.16820563057572605 -0.04264302648046731 0.2015420540871531 -0.044014146381498434 1.3602132753476326e-09 1.4225871406020332 -1.8583135030780795e-09 1.4211652587872345 1.4137976488538229
0.9852922660471966 0.1689643118599508 0.02549925068063008 -0.04783027795848316 0.1294446052606336 0.990432409949984 0.16404699015219562 -0.9770850298139934 0.13562237844615982 -0.0440807206952763 0.20490743261909414 -0.0468795194492638 1.2621921285926874e-09 1.4293939343480204 -1.7859438372624936e-09 1.4279717888378212 1.4200842268860265
0.9762379174348894 0.21274681895584127 0.04121067321168609 -0.09313371043227675 0.2401963078699897 0.9662462655383159 0.19566716777095416 -0.9471243449039811 0.2543026440025696 -0.05040876000768575 0.2014030653757275 -0.04076991335774423 1.1672476318835834e-09 1.4288144212455842 -1.6972050431718344e-09 1.4259334808935877 1.4187357454854244
0.9798470585158812 0.19538657237018128 0.041519022811324136 -0.08621772812854095 0.22619780185148877 0.970258242837394 0.18018392068697012 -0.9542843610659175 0.23848503716351926 -0.04753318732684241 0.20367496830128232 -0.03583145162260942 8.431113585061212e-10 1.433373015728951 -1.4615908483506246e-09 1.429527318389134 1.4220793327462342
0.9806428837997111 0.1912687983247632 0.041902043391554344 -0.08670897873101496 0.23232921703800433 0.96876451623598 0.17555935594667416 -0.9536453123137077 0.2444167155529262 -0.046094790623338155 0.20035762808211133 -0.026422693824387472 7.088054587711667e-10 1.430138240823272 -1.326299070569803e-09 1.427764562778287 1.4179251208217094
0.9889095583733655 0.14851669804020246 0.000822046854476494 -0.0008515079775334047 0.00013478503957993254 0.9999996283835095 0.14851653204933055 -0.9889098908577204 0.0002597533671444798 -0.039375921989873254 0.17660347721254754 -0.05262080206797913 -1.4580017193566164e-09 1.421164393522413 3.3212987915476333e-10 1.4209027481246217 1.4119088830538242
0.9819892441715892 0.18870290037780355 0.009398921231490349 -0.011821152353362695 0.011714843610798288 0.9998615018072319 0.188566658474794 -0.9819643465157883 0.013734536157843622 -0.04553658722387877 0.17623299797499153 -0.05203651630699528 -8.433840292809691e-10 1.4144016245708118 -1.9827162134333776e-10 1.410311852446541 1.4028443200338678
0.9842434947200192 0.17665723737995495 0.007547422249073238 -0.01464458916996358 0.03890553063393086 0.9991355742311127 0.1762108938441847 -0.9835032181784534 0.04087958810040705 -0.043641211671296316 0.1750623913938159 -0.04967242440168461 5.156586269094987e-10 1.4140201559751997 -1.2108749558592535e-09 1.4094699230585483 1.4028210815705755
0.980787728891584 0.1950613471497959 0.0025498438766940607 -0.0019497260359973984 -0.003268500133409675 0.9999927577114059 0.19506826862427745 -0.980785597240796 -0.00282538863557403 -0.04683388823236664 0.17603506583985756 -0.04855133074603188 7.249321143376619e-10 1.4058531110805061 -1.161271967475841e-09 1.4046131874797405 1.3978498274856195
0.9849842721152469 0.1726439399383082 0.00023170708888425873 -0.0020062152884791074 0.010104007772264187 0.9999469406559301 0.17263243839387046 -0.9849324743501537 0.010298649652777929 -0.042998174550348656 0.17478086405515517 -0.04459908017130372 5.977227601761115e-10 1.4157478224151596 -5.848601603020143e-10 1.4148435253184912 1.4060581125805056
0.9824691474815075 0.1864252322739732 -8.377681630519773e-05 -0.0053771651823708855 0.028787089128414312 0.9995711028206619 0.18634768670837132 -0.9820473187535863 0.029284866182566392 -0.04552861289427337 0.17680187364438407 -0.043297655084123796 1.4945200632610067e-10 1.4117083222184528 3.596705155928248e-10 1.4110402043120738 1.4024583293944932
0.9930741552960654 0.11729209392048859 0.006803439332672578 0.00045973375613270195 -0.061785834287013564 0.9980893243223932 0.11748834294464935 -0.9911735848907622 -0.061411838328741405 -0.03356411303716349 0.1872806686776828 -0.04049075064810684 2.767786000390515e-10 1.4241877603223454 5.529372515411524e-10 1.4243392100231134 1.4143021024259959
0.9833139432169277 0.1809285668081813 0.018935226112048065 -0.0008606777477917493 -0.09945922447803511 0.9950412664307156 0.18191467315472762 -0.9784542484853164 -0.09764392101940261 -0.043950991888496 0.18641965280122158 -0.03737943844446352 4.871951730933688e-10 1.411142570897388 3.9268766016675727e-10 1.4126442513644228 1.4022968625721663
0.9998306819594462 -0.01832793111963177 -0.0016414485623291698 0.0016491479764278328 0.00040498571675177876 0.9999985581477211 -0.01832723993023999 -0.9998319473428738 0.00043514261588181556 -0.01123425884294427 0.18643697954961214 -0.052659675230337724 0.0 1.4474 0.0 1.4474 1.4474
0.9999924439411453 -0.002068799708449648 -0.003291219892644677 0.0032803568304477556 -0.005232543366610866 0.9999809296926524 -0.0020859817066206853 -0.9999841701535495 -0.005225717427950787 -0.013808399622392874 0.18693858511180875 -0.05301984074703239 -7.990683670300314e-10 1.4284355321837667 -4.734053149491046e-10 1.429206140046464 1.4195798119081928
0.999594197073157 -0.017470493261712974 0.022499400944541212 -0.02249374718871163 0.0005200783089053322 0.9997468483851114 -0.017477772028525494 -0.9998472440246785 0.00012689040091432902 -0.011492311486621299 0.18605700361958039 -0.05274879998156355 8.158576036976228e-10 1.4286041017414854 -2.130951415324489e-09 1.4235361900097354 1.4173735895241881
0.9988341103698158 -0.03915717403138741 0.028233591404817168 -0.02731673538474333 0.023755488756318208 0.999344521534925 -0.03980221011022426 -0.9989506456656525 0.022658146316887503 -0.007700264396166365 0.18574516306145655 -0.05437339355454006 1.908121660676443e-09 1.4281033108925882 -3.5081120230984197e-09 1.4247847311598179 1.4198957301588688
0.9999699867332484 -0.007568569572089993 0.001656015500954235 -0.0011108029659224576 0.07148097094490596 0.9974413450973167 -0.00766757781035609 -0.9974132481310873 0.07147041837792886 -0.012874527259933224 0.18671678789233448 -0.055637811324388345 2.0637660469446928e-09 1.430857220505282 -3.77710396293196e-09 1.430842714359014 1.4215568592282226
0.9971994792252593 0.06209406170868229 -0.04168364347547122 0.039797436069554395 0.031310315121318336 0.9987170911971485 0.06331952870293311 -0.9975790653715232 0.028751445482207153 -0.024623356198792717 0.19096299270569236 -0.05730960120509461 2.727704284666288e-09 1.4166757447084484 -4.261557329243715e-09 1.4262450128721547 1.4134395542780105
0.9978980806221723 0.06475968826812059 0.002367164126149344 -0.0025347784935938187 0.0025062119758370483 0.999993646879579 0.06475334422694089 -0.9978977410922162 0.002665095585393965 -0.024922975379248778 0.19093267113593562 -0.053442961853830406 3.6436524908367574e-09 1.4230847110340328 -5.133993674633075e-09 1.422516740569728 1.415498059704202
0.9883316208456312 0.1522462066351776 0.0046583046107443495 -0.005425761966809371 0.0046258355659390404 0.9999745810531369 0.15222078814579565 -0.9883317733486644 0.005397911240202046 -0.03926623810119537 0.1885644704922535 -0.05994107412908553 3.875387122320717e-09 1.417844400025463 -5.261773239340073e-09 1.4157520274344542 1.408048491869808
0.9903411579217503 0.13449480737983538 0.033697740489058436 -0.032429077389462296 -0.011613037110173344 0.9994065700748351 0.1348063272471853 -0.9908462464766866 -0.00713932610167582 -0.03595440016539863 0.1961359311450022 -0.0572304779566154 4.124069086230975e-09 1.4252488235114464 -6.197785396011568e-09 1.4158857978968715 1.410691596234698
0.9937173857496999 0.10405455327139379 -0.0412117362200737 0.0290202905154147 0.11607121912714173 0.9928168485822247 0.10809061012494654 -0.9877753398591351 0.11232229506641628 -0.03192788494736653 0.1925997047784121 -0.05754121882524771 4.914977758119221e-09 1.4183836702176569 -7.21792403624022e-09 1.4232171465433616 1.4126433301712336
0.9976229536019686 0.06884096205356868 -0.0030601290860988173 -0.012957600641423456 0.2310235398298161 0.9728618733561917 0.06767970916088406 -0.9705096836137393 0.23136639985066465 -0.0262645556089102 0.2017760897219268 -0.06329167707096507 4.477038295647162e-09 1.425279469844968 -6.727050916310873e-09 1.4366381073262398 1.4225678756959912
0.9971663360187758 -0.07400985775442355 0.013484779051206458 0.0005757402378638865 0.186754090810895 0.9824065238426374 -0.07522610473810518 -0.9796149501312064 0.1862675029235257 -0.0023082033163741907 0.19447136773810814 -0.053361900977034915 4.361494276849953e-09 1.4235588391574838 -6.558786402877104e-09 1.4236664163358626 1.4169159706370786
0.9882257446998615 -0.14713489622394785 0.0419666513504785 0.0034353530296273305 0.29555507797626684 0.955319524678526 -0.1529642960365796 -0.9439271784388936 0.2925805973444287 0.013831200699802149 0.20582822477545573 -0.04903738910896831 3.5178999320499554e-11 1.45734 -3.875589431451754e-11 1.45734 1.45734
0.9993306337591241 0.036555411644968894 0.0014093651245186156 -0.0014451247988210838 0.0009518280620861758 0.9999985028177072 0.03655401544157863 -0.9993311742874866 0.0010040180724135543 -0.020075072312647473 0.18613915848087653 -0.04306733383007276 2.114189213919815e-06 1.4300179094787087 2.609441551726377e-10 1.4297786454150314 1.420679761200489
0.9993267706351392 0.03370913804106209 -0.01448100495381796 0.014822497094499837 -0.009902780902980938 0.9998411016307898 0.03356037949468723 -0.9993826238948307 -0.010395767660755005 -0.019651713086583176 0.18732156104754308 -0.04221017762034787 2.115124643431443e-06 1.4249253328588702 -7.97218291381796e-10 1.4286147587236613 1.4175845695640756
0.9999563665743244 0.009302043385968291 -0.0008584499525072444 0.001183772966904893 -0.03502441848083013 0.9993857557478206 0.009266262948903476 -0.9993431653335731 -0.035033901752966806 -0.01575601531902275 0.18878593462004828 -0.03983600257371839 2.1156647402875706e-06 1.4250950138960317 -1.4435981299243394e-09 1.4253454968414303 1.4173069461034453
0.9996922229079163 0.019105922590193645 -0.015824764750437113 0.015846947858949134 -0.001010209501714518 0.9998739189119388 0.019087527366971776 -0.999816954846606 -0.001312669141455602 -0.01725127811399692 0.18674630123094377 -0.04081969088303923 2.1167854864501123e-06 1.4257434292060402 -2.647770003250116e-09 1.4295430217528242 1.4183930094892974
0.9997868948063542 -0.0012383405067394183 0.020606588418702592 -0.020633575089639113 -0.028586512442604586 0.9993783402122487 -0.0006485001840119623 -0.9995905550870108 -0.028605971900167195 -0.01416716266590147 0.18567540569469929 -0.03748770999500595 2.1182478064929455e-06 1.4280996035520142 -4.241996087728239e-09 1.4236024656807302 1.4187053398454026
0.9996991406625283 0.022180380134466954 0.010471814345805148 -0.009929835380766807 -0.02440583990477297 0.9996528164057028 0.02242825289480521 -0.9994560449142489 -0.024178249656530697 -0.017816809380925922 0.18826216915361996 -0.04145917327533302 2.119724938687284e-06 1.4307677625058295 -6.02223160228732e-09 1.4282872748932833 1.4201270380029358
0.9972807894120577 -0.0736577474870724 -0.0023586658927936127 0.006996550475298319 0.06277097630548219 0.9980034332681944 -0.07336262911803088 -0.995306154290622 0.06311563895028692 -0.0022592274378178453 0.1916846563377893 -0.041599436527197026 2.121575561453426e-06 1.422638355029763 -7.795446954617091e-09 1.4243205429357344 1.4152872012995
0.9995735188924093 0.02920127935612116 0.00025615036988586376 -0.00025889202256644723 9.010734482207379e-05 0.9999999624277929 0.029201255177934936 -0.9995735476515133 9.762889401588607e-05 -0.018909200368444783 0.18569412778083794 -0.05254352551011662 0.0 1.4491 0.0 1.4491 1.4491
0.9998558000794707 0.013423801685677849 0.010400990132903618 -0.010190010390469876 -0.015690684148945873 0.9998249677414442 0.013584650738362094 -0.9997867792580785 -0.015551632874881887 -0.016369395439459186 0.18592196671997638 -0.05304831512617535 -3.3094504914288336e-10 1.4298157179354352 -1.7563426268907278e-09 1.4274676386624439 1.4195425842218974
0.9999255767878074 0.011777113089652437 0.0031844140503624724 -0.0030980824964478397 -0.0073414447017916785 0.9999682520333013 0.011800117389916601 -0.9999036967613252 -0.007304411859973099 -0.01631931108009602 0.1846907945673959 -0.05424005749009671 8.354357206030727e-10 1.4285135063645722 -2.7571109839641395e-09 1.4279066981802284 1.421470670309545
0.9994089222390404 0.012217489601426266 0.032133146388717185 -0.03196760937941065 -0.013511334423175404 0.999397576439262 0.012644291184764104 -0.9998340746293577 -0.013112784238701571 -0.016234777758335543 0.18476742323317316 -0.05604056387393992 1.6275594205694688e-09 1.4327856951597022 -3.5947280707659957e-09 1.4263698297824465 1.4229304551560356
0.9985546301426341 0.05303210307589319 0.008731933580538467 -0.007452429103094621 -0.024276990824738262 0.9996774925029366 0.05322698489648313 -0.9982976629041277 -0.02384668360561154 -0.022817678985241886 0.18589598374639654 -0.05504362463052212 2.8160105358665533e-09 1.4291874444342518 -4.84531970101898e-09 1.4274151632988907 1.4205174527064486
0.9933336048623477 0.11444624411435066 -0.0137987919504436 0.01804338172922183 -0.03613543903411819 0.9991840002830235 0.11385423060627456 -0.9927720217924807 -0.03795954318907514 -0.03284175802501476 0.18863672149050947 -0.05334034929122927 0.0 1.43988 0.0 1.43988 1.43988
0.9867384051995843 0.15903273903971937 -0.032494732153160705 0.028674761146460073 0.02625669643565593 0.9992438861286465 0.15976569649763558 -0.9869240972870256 0.021348264960297472 -0.04020429163021077 0.1908856770016273 -0.060937396417731146 4.599177927389064e-09 1.4122551754954458 -6.843709599024805e-09 1.4191114116606283 1.4066840212095704
0.9930526521729661 0.11613920729035494 -0.018923914558207817 0.026863904738482918 -0.06718628564014487 0.9973787312972353 0.11456334769218336 -0.9909579645735984 -0.06983947174564731 -0.03286835324617691 0.18676744576298454 -0.06283952972710967 5.794794866176289e-09 1.4212662274818664 -7.861690853872005e-09 1.4278992903311813 1.4140335786349736
0.9908059571013059 0.1345979201633531 0.013673158386589062 -0.0007477114519152154 -0.0956156796695973 0.9954180442049991 0.13528856677542933 -0.9862763515815535 -0.09463594460261712 -0.03635044249271716 0.18858883720314235 -0.06582303882249302 6.1706062481903245e-09 1.4195712890737635 -8.159376285732378e-09 1.4218467171341587 1.4122727316392503
0.9818754763456292 0.18497116695858065 -0.0413063717242806 0.04848070562323727 -0.03443096543142158 0.998230499334564 0.18322164209862485 -0.9821406090847894 -0.04277445327812259 -0.04455237596856233 0.18297286979291888 -0.06084455532538058 6.150935760729226e-09 1.3985097375286868 -7.971845406018474e-09 1.4087952029354671 1.3959317416372325
