0.9931471246843718 0.11677139301776222 0.004819803300535601 -0.0023985019103698445 -0.020867051663795443 0.9997793823356463 0.11684620627025293 -0.9929395791927883 -0.020443975951309035 -0.03503916631527014 0.17969565521120429 -0.051954819866338 4.099325323636549e-10 1.4150488391608853 -1.0013501139383152e-09 1.4143560833366324 1.4108883976082405
0.997901228508885 0.06202472228799385 0.01860300958326727 -0.01794672792443824 -0.011121387047164883 0.9997770900090444 0.062217787627527256 -0.9980126495066304 -0.009984904981597171 -0.02457299215917722 0.18487914074281592 -0.0514188092915943 1.4026717565229774e-09 1.427808655271674 -1.9787185223663073e-09 1.4243751643212672 1.4196953911554875
0.997147012732386 0.07537914935264585 0.003977290755064312 -0.003777358751899309 -0.0027947363942615695 0.9999889604437371 0.07538943267950925 -0.9971510283258792 -0.0025020289573944618 -0.02682665921343255 0.18419050149382687 -0.05054320942331793 0.0 1.4445 -1.5328367465008854e-07 1.4445 1.4445
0.9999816399486974 0.005499026504609052 -0.002545677319509012 0.002558804092480806 -0.0023813934029100333 0.9999938907248768 0.00549293065036861 -0.9999820446752841 -0.002395420611929639 -0.01528843798315624 0.18496852554430068 -0.05204710133901462 -9.421015079169592e-10 1.4307437865092396 -2.2301627211618325e-10 1.4310317762845628 1.4234816243127622
0.9998957413017933 -0.0034514645268441196 -0.014021195354076862 0.014067986755951278 0.013928122365796897 0.9998040303759521 -0.0032554992200320536 -0.9998970420998272 0.013975225395142855 -0.01361562624778139 0.18538572522380814 -0.05325425884289653 -2.353726102910514e-10 1.428536534794187 -1.003785499165133e-09 1.4316116088029034 1.4216159481823656
0.9998721405951423 0.0023785037164256394 0.015812817008965346 -0.01591248283147594 0.05030868711639328 0.9986069441430712 0.001579668264559926 -0.9987308840326786 0.05034010257715162 -0.014532847833840658 0.1878769506264929 -0.055755910412392834 1.6060326402111968e-09 1.4277324490729493 -2.653228747817593e-09 1.4240607403396845 1.4177252535677898
0.9996370734272997 -0.022687069392429322 -0.01452646936067849 0.016774436923470293 0.1022650321097037 0.9946157456392403 -0.021079366584509866 -0.9944984464995329 0.10260848022659476 -0.010745619882427535 0.18830325739244025 -0.056453540234332134 3.312641716490816e-09 1.4257394714648646 -4.12876399735751e-09 1.429683573023147 1.418944105198908
0.9992236308022563 0.0007466511234247115 -0.03939007690340533 0.03930910739485277 0.04791106731341775 0.9980778144537173 0.002632436547426908 -0.9988513263449116 0.04784452044732739 -0.014624144660413566 0.18617925287334283 -0.06098166818604904 4.733180958282901e-09 1.419951242326455 -5.1293245206807114e-09 1.4286309538775104 1.4165427184775874
0.9996341823064129 -0.024214193758992555 -0.012048833353954291 0.015101506576013585 0.13012971283163086 0.9913819659129836 -0.0224376037874817 -0.9912012563848772 0.13044777988649994 -0.010499799580309629 0.18952347024174993 -0.06941087544150094 6.539993435694669e-09 1.4275483757974152 -6.594003565396633e-09 1.4310745949795347 1.4191334513817342
0.9981127942158831 -0.02898585536706318 -0.054135664872630676 0.054961895682616085 0.02850953955981913 0.9980813574939974 -0.02738685899359971 -0.9991731713485541 0.03004885375081525 -0.009665009072462627 0.19412639872103898 -0.05726454846443707 7.816348457367894e-09 1.415108664409301 -7.304251425921393e-09 1.428767417471053 1.4129560088479778
0.9946815332256843 0.1014823258932007 -0.017606390632609544 0.010378396977944113 0.07131694154332982 0.9973997106100811 0.10247407640945116 -0.9922777994998233 0.06988442089492108 -0.03078454182262404 0.1925984202820551 -0.05382581603523577 9.045475479751985e-09 1.4267249023034614 -8.459811517980143e-09 1.4273734410231453 1.4173751641105223
0.994680711835486 0.10157454566319601 -0.017114122114971243 0.009860439587321189 0.07148946511702245 0.9973926148254894 0.10253318113467286 -0.9922559488612791 0.0701076223802165 -0.030728623973397415 0.19254260108431892 -0.0539306208726872 1.0087992663443401e-08 1.4305187392609637 -9.366220687923033e-09 1.430612362426774 1.4215655514623098
0.9987754289085837 0.04794343635557501 -0.012209402888488693 0.01767103797593679 -0.11520252153077147 0.9931848334775382 0.04621013985401374 -0.9921843608641345 -0.11590865813778292 -0.021129678944546433 0.19088200725842322 -0.032936183041132897 9.520483068570229e-09 1.4317760913570865 -1.0697449148722171e-08 1.4344475591723844 1.422040716720499
0.9982992096283598 -0.05828971766013209 0.0009984340208646163 -0.0005628102101164215 0.007489363314301038 0.9999717959431724 -0.058295551288750365 -0.9982716154695818 0.007443819429042434 -0.004808750914393491 0.18974077099560702 -0.054234636937441766 -7.879457086801267e-10 1.4234144488663585 -2.837827750568067e-10 1.4232648741734382 1.4154939701062252
0.9989257013196048 -0.046294189296430054 -0.0020715406155838436 0.0012521273222717056 -0.017722126826479324 0.9998421667432892 -0.046323594639282185 -0.9987706314555572 -0.01764512174973536 -0.006654931146928808 0.19104661710053736 -0.051487623770036114 -6.503375615807272e-10 1.4266280808162142 -3.5364422501515946e-10 1.4268993018445162 1.4173155530492378
0.9993834947881532 -0.0068394311935500015 -0.03443620951797711 0.03447966181639423 0.006340257548565529 0.9993852880922577 -0.0066168924764128025 -0.9999565107119243 0.006572170021312488 -0.013002818599630234 0.1918880802672706 -0.05056070550558403 5.292966065439941e-10 1.4211638494743024 -1.0598872890454913e-09 1.4296692739561632 1.4161539042011304
0.9984976341485396 0.01927312614441508 -0.05129348114907492 0.05084894352051211 0.02288790363871956 0.9984440539208358 0.020417138453191958 -0.9995522449955511 0.021873499531100165 -0.017568005611180926 0.19070789010592104 -0.0530211775728245 1.5944126019462601e-09 1.416118067797032 -1.7519399264642743e-09 1.4290254410605732 1.4131364236356312
0.998290785067791 -0.05682049043757292 0.013672611863396415 -0.013413384970838492 0.004941109991137715 0.9998978280482859 -0.05688224285625072 -0.998372183756383 0.004170509459688163 -0.0047649886923569335 0.1881099434232384 -0.05664142525792533 2.081690375632661e-09 1.4287327118259068 -2.362374296183134e-09 1.4253254114074503 1.4174018882450987
0.9982328812893243 -0.002131373123573612 -0.05938494726293585 0.059417132812574554 0.021539956545162435 0.9980008189377229 -0.0008479629393079219 -0.999765716315898 0.02162853296488086 -0.013938579075757926 0.18553267756941108 -0.05541689169021241 2.9395330614079285e-09 1.4163423493632452 -3.1132261213429047e-09 1.4286422659821056 1.4150200954600392
0.989377270677288 0.14141803365750974 -0.033668323742119505 0.0313675668326171 0.018467615073146187 0.9993372918812304 0.14194608842149203 -0.989777695722607 0.013835498974898889 -0.037469293344324556 0.19047188771803852 -0.06636642241828974 3.7624303672600945e-09 1.4143684940528454 -3.569152084992311e-09 1.4215020503326636 1.4093082014882272
0.9971408204155424 0.06686016749991319 -0.03521224592244136 0.03820239610024807 -0.043983254304769216 0.9983015828260325 0.06519786187612818 -0.996792451487593 -0.04641171688416363 -0.02505507899480893 0.18511665562888957 -0.059419503029029375 4.680241083576675e-09 1.420575797424843 -4.209815607225664e-09 1.4273385031565402 1.4176302737154867
0.9982180274985338 -0.005511766194291829 -0.059417085172160905 0.05876640158747243 -0.08202951268954987 0.9948958081590127 -0.010357587624359324 -0.9966146594754336 -0.08155943168799841 -0.012408580572858603 0.18510305012922237 -0.0623819721310242 5.398369751219434e-09 1.4183826429385409 -4.397980646331234e-09 1.427402238243964 1.4160559170003353
0.9928152686382473 -0.1181344208339358 0.01902895091683414 -0.010362309282845747 0.07354783851886301 0.9972378542732568 -0.11920765455746278 -0.9902701520612613 0.07179527165123634 0.00541147362247134 0.1917688813445025 -0.05286557297886256 6.0243747768140565e-09 1.4239866749752261 -5.003804481873431e-09 1.4208012079553098 1.4151918064868205
0.9886628350679398 -0.1483811594803797 0.02299630550070572 -0.006174256381189472 0.11284929207467484 0.9935929326622569 -0.15002558819602407 -0.982470390795317 0.110653757717188 0.011362727171557629 0.20144277251182946 -0.05426165927814569 6.132772512046358e-09 1.4231279732285067 -5.265628821859991e-09 1.4215308582874107 1.4168690774203494
0.9847540391685129 -0.17338950260945385 0.013984374356588836 -0.031814546376831204 -0.10048488649320211 0.9944297975348912 -0.17101846970469442 -0.9797136663185293 -0.10446920622159447 0.013951357885293255 0.19191086316839595 -0.06491242775788808 6.40647002114747e-09 1.4132230204198581 -5.8343410103134374e-09 1.406550484016683 1.4056657524238965
0.9880999062919265 -0.151479871613713 0.026691266020534787 8.879862867183785e-05 0.17409188579834353 0.9847294082203395 -0.15381341716732475 -0.9730086658376016 0.17203362724839869 0.013805145669017322 0.2082159288065669 -0.07105956129519195 6.392725460102611e-09 1.437345034076385 -5.937883074125239e-09 1.4372770431677342 1.4306222832498898
0.9979152990685356 0.06453510129308848 0.0005259144853827464 -0.0004450996221551597 -0.001266632998370213 0.9999990987631808 0.0645357092723206 -0.9979146337948643 -0.0012352678981773881 -0.02478392927238672 0.18575064578054507 -0.052361164279717556 -1.00023989091369e-09 1.4277169571352255 -3.1105962250421726e-10 1.4275908584819934 1.4197699261520578
0.9989273754556163 0.04604167238197303 -0.004925745590781279 0.004147908895291993 0.016974487176171154 0.9998473191627322 0.046118254706248335 -0.9987952899315139 0.016765303262170364 -0.02180720770236267 0.18696129738237152 -0.052578567477957305 2.155307043949506e-10 1.4244170516124344 -1.4492398392462746e-09 1.4253295101728147 1.4169355492910363
0.9995926052234556 0.023291310408434625 0.0164966191094501 -0.016214159248234765 -0.012264484261810461 0.9997933203745983 0.02348881909456524 -0.9996534886075522 -0.011881838758922764 -0.018007490148608158 0.18586936157043069 -0.05072391103620018 1.4574830231595115e-09 1.4300370381890755 -2.9243327759331805e-09 1.426300626437417 1.4198210273010954
0.998378869034636 0.05034978431097351 0.026543042119539256 -0.028251548308873838 0.033530081920039576 0.9990383294071288 0.049411374027369025 -0.998168639472446 0.03489818462977065 -0.02229326332166081 0.18536561101033106 -0.049441181128791215 2.4194353187567685e-09 1.4300200156267255 -4.099452333150566e-09 1.4245996291185046 1.4200630466493047
0.9979310294629542 0.06320096500102937 0.011802476771718987 -0.01831632887115784 0.10350052731148923 0.9944607347416624 0.06162931552185124 -0.9926194028272781 0.10444399742984645 -0.024522110297417018 0.18782246191526622 -0.04514567565251097 3.2032509977852897e-09 1.4268120658478525 -4.916764773099658e-09 1.422894628081079 1.4173061028273626
0.9962376851968676 0.08654359787631168 -0.004547555410387427 -0.0040910382149251245 0.09937940715752752 0.9950412035887471 0.08656637915444601 -0.99127894111579 0.09935956370902133 -0.02832956931409821 0.19137451939052771 -0.048309126999077356 3.605037157683455e-09 1.423568552201159 -5.201644448504794e-09 1.4220916730904083 1.4157174258899978
0.9833897019878733 0.18134669004767046 -0.0076205008336748675 -0.006013786898379503 0.07451513377866266 0.9972017494996132 0.18140707922058272 -0.9805921031941378 0.07436799554885874 -0.043971461512364626 0.18856666965128466 -0.045685473451982955 3.339734711005349e-09 1.4138984080408523 -5.076377540547128e-09 1.411292267684706 1.401668105574644
0.989051354277974 0.14680865306329788 -0.01498792803045131 0.02255228542146472 -0.04999706363753226 0.9984947110775768 0.1458383112325926 -0.9879005582614907 -0.05276053414684761 -0.03842622315647327 0.18394082267915823 -0.051214146710575045 4.003124054463569e-09 1.418064470062732 -5.682299963893911e-09 1.422539479251566 1.4122748552452462
0.9874619910404872 0.15779404064576677 0.004456117933692827 -0.009175171044339625 0.029190590963029273 0.9995317531902307 0.15759007737374833 -0.9870405007576493 0.030272386384703726 -0.041906082681169285 0.20120746156549968 -0.061766606056003315 4.311534240741821e-09 1.4261015049140164 -5.8472959807431835e-09 1.4261577443213884 1.4166968422569903
0.9866296203481723 0.1619972982360852 0.01785686466965629 -0.035660315567275266 0.107667759238424 0.9935471783031841 0.15902934994919607 -0.9808998567564305 0.11200507519728949 -0.04199856238442735 0.19976512057538165 -0.06627796189996336 4.265990227736438e-09 1.4253660284619967 -5.745948605806461e-09 1.4257337437269904 1.4156816196247828
0.987199958324142 0.1581414611223966 0.0206765702882786 -0.044026540236756444 0.14561054616177802 0.9883618935396336 0.15329026726962755 -0.9766211379652512 0.15070914650366746 -0.04233443501449778 0.20509674683433554 -0.0638345043344846 3.771115864026342e-09 1.4375081301667967 -5.090991628264874e-09 1.437164108991177 1.4288865277686158
0.9878747417442281 0.1552525218361771 -0.0003861182228051263 0.002197434069091883 -0.01149545150442094 0.9999315105937113 0.15523745007982637 -0.987807931259016 -0.011697223366958377 -0.04282387535398294 0.20930193095427846 -0.05119720252709216 3.817116400739451e-09 1.4376850275101587 -5.007533054879332e-09 1.4374343555948705 1.4295072454392521
0.9767051935849406 0.21448205488675262 -0.006664304596857906 0.02008833402538221 -0.060469479424289235 0.9979678857028617 0.21364321580684076 -0.9748542917737559 -0.06336944176809646 -0.05448562750647143 0.21444561122729008 -0.046248275649278886 3.7625520477035934e-09 1.4474055706772626 -4.890864602202782e-09 1.4491838982302356 1.439642994809767
0.9842921701517013 0.17654511457632627 0.0008638849959359126 -0.001069265355808836 0.0010682000959078735 0.9999988578094247 0.17654399012612473 -0.9842919696247588 0.001240194565311183 -0.043611067454197794 0.17445470387989437 -0.05321651060339348 -9.68358726538554e-10 1.4146707426742653 1.4416912108572433e-10 1.414023469632645 1.4049215976427094
0.978388212309319 0.2062976680726837 -0.014063362398368683 0.01760324243719499 -0.01533354817499569 0.9997274669408971 0.20602580389328023 -0.9783691299546088 -0.018633670652604288 -0.048540059428824306 0.1730094693035935 -0.05204555058961992 -4.921432150695182e-10 1.402595068483227 -4.959117561043058e-10 1.4073815430483023 1.3955615978722449
0.9803785869416701 0.19705140976796212 -0.00534492045895856 0.015514828379418808 -0.050102874668862256 0.9986235487160683 0.19651238222211617 -0.9791120691005576 -0.05217700427404723 -0.04701499822061801 0.17434958818040205 -0.052551331384527986 -1.979048036560016e-10 1.4032364430497912 -1.0725793586630061e-09 1.4076244627671661 1.3968965629595793
0.9794900384417289 0.20017017194974945 0.023047057404979608 -0.022413804929608396 -0.0054295254962468485 0.9997340354321558 0.2002420683622653 -0.9797461010458236 -0.0008315909502313185 -0.04782809080095366 0.1747502440064155 -0.051817654439326594 1.0139862283153889e-09 1.4080883654402152 -2.0596404581851857e-09 1.4019781834875769 1.3966882611449636
0.9799778109568675 0.19860749316175275 0.014090908139314046 -0.0025325276295679044 -0.05833137950869963 0.9982940631238962 0.19909062342559408 -0.978341716285581 -0.05666047863715838 -0.04752973105297516 0.17422937554706402 -0.04852307895546373 1.3130465603694574e-09 1.4045741971714465 -2.098825113705516e-09 1.403556463826411 1.3962931427986147
0.9800577052869505 0.19634180679494756 0.03060701246727772 -0.015738240342931597 -0.07684720030070456 0.9969186604717817 0.19808887424230753 -0.9775195152581042 -0.07222461623973084 -0.04726276521234333 0.17401728755216384 -0.05190915387617953 1.6729853058450317e-09 1.4086433643472365 -1.996403931059376e-09 1.4034936066898274 1.396716292966703
0.9789377412592656 0.20062956356215045 0.03779784336530426 -0.02326484052343168 -0.07430738188781814 0.9969639713612509 0.20282910524287762 -0.9768450190392737 -0.06807468578359122 -0.04805075760204697 0.17813521227192236 -0.05788735517874985 2.6055060331486857e-09 1.4079619562561598 -3.0682105744972432e-09 1.402274405328491 1.3957787210777388
0.9937277549452572 0.10942182667194963 0.02306540481397746 -0.0016820446051368648 -0.19161162741495227 0.9814693856485488 0.11181377275365129 -0.9753521661877659 -0.19022573993922984 -0.03281470707038968 0.18253732717730786 -0.0691281652204959 2.816437749686429e-09 1.4244642937785335 -3.3193350290616763e-09 1.4239937647476308 1.4158526138393457
0.9965950588806506 0.07786720227158381 0.027110651505801994 -0.01710542344043856 -0.12639524290183288 0.9918324692510878 0.08065787688500167 -0.9889190772667817 -0.12463292307500852 -0.027467815321482437 0.18456720420486772 -0.0565818732750516 3.3608502647552996e-09 1.425053313878359 -3.950010096787082e-09 1.4215880732922104 1.4165644419967611
0.9999514222129389 0.009387921298310654 -0.003003356125640593 0.004550595935665062 -0.1694160960988641 0.9855341082170881 0.00874329977474216 -0.9854999002112163 -0.16945058687632752 -0.015638346097165152 0.19148411438948765 -0.04687765668430664 3.6715199769332685e-09 1.426115389542205 -4.465062097835926e-09 1.4271350737835284 1.4180288128863898
0.992711981269998 -0.11875797271716287 0.02048087300641304 -0.021228756063114668 -0.0050358110591597425 0.9997619619304334 -0.11862656599180468 -0.9929104614833535 -0.0075201940072025086 0.004801638515480655 0.20060705822697375 -0.049412391264429714 4.6377639506545165e-09 1.423683811627992 -5.55606849417245e-09 1.4188255432777108 1.4137381670109637
0.999236756452918 0.03823795021902239 -0.00798521862566736 0.01043318434021466 -0.06425394049231871 0.9978790406636131 0.03764376731910926 -0.9972007271829765 -0.06460384267029037 -0.020957693038747796 0.20973624765443577 -0.04455909855322278 4.8574104738463575e-09 1.435599797986681 -5.618081111435913e-09 1.4356278399145301 1.4288156726939985
0.9814655558200704 0.19113824349131062 0.013839603096054115 -0.03227418900558837 0.09367301644942133 0.9950797670103126 0.1889014014316236 -0.9770831785801671 0.09810567095150866 -0.04986720912516111 0.21334763799410852 -0.03364294231083051 4.275989340385422e-09 1.447505163294438 -5.082081422358442e-09 1.443400477605671 1.4369995187171902
0.9982355331767454 0.05937816219965819 -0.00023271684513143087 0.0002512421822579385 -0.00030452351667285 0.999999922071394 0.059378086704648704 -0.9982355138539295 -0.00031890449408028787 -0.024063747376550704 0.18531777189056275 -0.05262672122525583 -1.0265575056678244e-09 1.427197573141945 -2.7678215275273033e-10 1.4272172226932067 1.420936230460411
0.998545457925941 0.05293629313448402 -0.010233148325556374 0.010580218654187514 -0.006280295202246286 0.9999243055678776 0.052868018959503674 -0.9985781425413599 -0.0068312378047421145 -0.02283887388841392 0.1875310799695481 -0.05295541191734304 -3.142517357446195e-10 1.423763400768018 -1.223816603612704e-09 1.4264258649159238 1.416384298621165
0.9994278394877647 0.018789359577337683 -0.028123897729371426 0.02814438553078348 -0.0008268019302207189 0.9996035263851678 0.0187586571990977 -0.999823122539803 -0.001355143846625917 -0.017392419058927595 0.1870705788501516 -0.051610572237561866 1.6239320999034135e-09 1.4208184825348003 -2.7518618495037117e-09 1.4270232810727235 1.4156002100949028
0.997528580385449 0.030889121414875688 -0.06310779264407579 0.06333477088750898 -0.006424775483370664 0.9979716574415403 0.030421014296327185 -0.9995021683009024 -0.008365252594949572 -0.019242767005405743 0.18705743224112964 -0.05325225288190205 2.502664742110028e-09 1.4094242785398352 -3.163520112536844e-09 1.4250506874389393 1.4090290867495234
0.9987537447408857 -0.04971383266217652 -0.004414998085462474 0.004478753351495432 0.0011711208253830808 0.999989284564804 -0.04970812946062237 -0.9987628163473294 0.0013923173045467955 -0.00609181321233912 0.18843313442867388 -0.056923577169971 3.6654803636793076e-09 1.4248093922372131 -4.356359717405667e-09 1.4261549469889632 1.4163365109497397
0.9997462288571254 0.016487914930734638 -0.0153501318298232 0.01574479103002202 -0.024079314220016194 0.9995860584172404 0.016111469249482806 -0.9995740769387382 -0.02433280236003215 -0.016780103449678264 0.18750831087826195 -0.05901672239748432 5.052726237408933e-09 1.4251703608164972 -5.6922262459124795e-09 1.4288574852792548 1.417913195501475
0.9945913953136509 -0.08416941446972832 -0.06085610927317242 0.04856629774442033 -0.1410439936930192 0.9888113604558374 -0.09181106192309035 -0.9864188266202883 -0.1361933456436394 0.0016968574450009124 0.182523246430635 -0.04858940029040855 4.4846020230693284e-09 1.4164326967725467 -5.974779782036421e-09 1.4167727978842555 1.4075735275537715
0.9914936169778149 -0.12981750786270127 -0.009371346998581272 -0.004720880998420815 -0.1078231393263236 0.9941588826281317 -0.13006967661545515 -0.9856579453736136 -0.10751880741069084 0.007949976253978246 0.181791058659642 -0.049791355582828684 4.244864904023871e-09 1.416439767702073 -5.949527093207507e-09 1.4147343231289229 1.4077026297305677
0.9877507811799138 -0.14195314077632004 -0.0647896604575766 0.04124042116206564 -0.1629586044963224 0.985770622854519 -0.1504912686531855 -0.9763676556729792 -0.15510828158033768 0.011110942100015377 0.18288052112624847 -0.04308336300862908 3.7088012661001812e-09 1.414683512653517 -5.794060342623197e-09 1.422139516464716 1.4107568879727692
0.9863962238817309 -0.15851068154910156 -0.04355287988986958 0.023069171093753317 -0.12884204805931548 0.9913967621476923 -0.16275841869749544 -0.9789147513888633 -0.1234325996500536 0.012578844186606474 0.19183277680687882 -0.034754675752423955 4.612849657803508e-09 1.4134125774283488 -5.996949603570556e-09 1.417811419515541 1.4102073697935218
0.9879004832432338 -0.15171843151570627 -0.03215824538433699 0.004854853585077458 -0.17699894875711622 0.9841990665183256 -0.15501311429828363 -0.9724468569938872 -0.17412077623953312 0.013506031235617715 0.2039438722415616 -0.04309404177813059 4.636971695504144e-09 1.4302375079172736 -6.321076995163821e-09 1.431918223637381 1.4256589219919524
0.9897927829166956 -0.13899955055021945 -0.03145428163001572 0.002133624409285162 -0.2062322629606978 0.9785007416251609 -0.14249805097931512 -0.9685800837622807 -0.2038306326491432 0.011374597731623942 0.20555749556425196 -0.049817796679128015 4.4983474722926076e-09 1.4335067213942851 -6.3216685219913415e-09 1.4338195407877254 1.4280819686759498
0.9994008059503942 0.03459898895220479 -0.0009690351838512797 0.0010875523164599543 -0.0034067953379221224 0.9999936054672971 0.03459546640329183 -0.9993954691257163 -0.003442382217009558 -0.019768072889783217 0.18573066919456288 -0.051891015157054896 -1.0475362799411414e-09 1.432306342140648 -2.7494095888869197e-10 1.4323141802744015 1.4239767733837452
0.9879957914232982 0.15447214757512095 0.0016345499015001134 -0.0015174502915052824 -0.0008759695058620199 0.9999984650098407 0.1544733422777641 -0.9879967552077055 -0.0006310503798395077 -0.040213769893401335 0.1762093828967451 -0.05262042682697275 -6.643405825457194e-10 1.4195241084211991 -1.687299189256919e-10 1.41916249371104 1.4103277610727698
0.9873492034911983 0.15784403901690902 0.015060202924428008 -0.014405449184016053 -0.005291429354026091 0.9998822349702978 0.15790514050879786 -0.9874498772708518 -0.0029506742749696746 -0.040807879622683424 0.1772089189095712 -0.05272818325013956 7.327667361778367e-10 1.4223775132311367 -1.1735465932360967e-09 1.4187354017697 1.4119668808232362
0.9790812757517026 0.20346408895815374 -0.0014899586730330516 0.0013219515589880356 0.0009616373305366164 0.9999986638479674 0.20346524989907874 -0.9790819372034565 0.0006725514347959403 -0.048120850176335696 0.17410460036946857 -0.05452793548994404 1.3541958665541642e-09 1.405816432706767 -1.4524683678018846e-09 1.406786117634307 1.3970052816670986
0.9823304265809364 0.18712422748713708 -0.003384745287005695 -0.0045013463670917735 0.04170264889357324 0.9991199262131363 0.18710069720393668 -0.9814506674115627 0.041808091838772876 -0.04611738213667614 0.17750262971154032 -0.05244444364295929 1.044942798955617e-09 1.4089341542504554 -8.084954927767285e-10 1.4087770329556202 1.4015129225965897
0.9819267343485881 0.18844589816201546 0.017550835804282672 -0.029366282256555847 0.06009152564825268 0.997760808015475 0.1869692751174531 -0.9802434146737109 0.06453943097732907 -0.0454302651525123 0.17420517481943062 -0.05464870258988605 1.4035457240879623e-09 1.4109757740330542 -1.1073382211179705e-09 1.4038659520744785 1.3995750359659587
0.9972333891133957 0.0742945196842569 0.00242734058104728 -0.00046072552517454485 -0.026476226432318187 0.999649337100713 0.07433273417143542 -0.9968848146996673 -0.026368747634435214 -0.026427840270096023 0.18608811849289497 -0.05630620511225411 1.6762822241389586e-09 1.4264912611642222 -1.4861987196468363e-09 1.4263920482860675 1.4186516533288414
0.9985029425063887 0.0023568788142495052 -0.05464722251257141 0.05463376849359426 -0.09138581458354923 0.9943157366918668 -0.002650499249555875 -0.9958127725708061 -0.09137776993652232 -0.013780515796034534 0.19419707012750714 -0.052133646640335846 2.3280577465811803e-09 1.4128619168186898 -1.6926327006672182e-09 1.4256426570836744 1.4113980116288065
0.9977441134880566 0.049185227783828986 -0.04568913840055316 0.04406691004307397 0.03357650749725604 0.998464183425496 0.050643769993827165 -0.9982251406932906 0.03133332169867671 -0.022485546212163577 0.19136265642442624 -0.048484508536045384 3.0851063925751987e-09 1.4181151545654611 -2.2387336429119387e-09 1.4292579412430362 1.4143181635213198
0.999748827403156 0.02234827918826147 -0.0016841981290612318 9.489723348876655e-05 0.07092640749746164 0.9974815465531274 0.022411450210316375 -0.9972311663485188 0.0709064719376375 -0.0179358135223873 0.19666860078693577 -0.05013969848214689 3.1901636887710083e-09 1.425267751894408 -2.2912596264745844e-09 1.4250119396492629 1.4179242122710694
0.997950278665863 -0.06399354780881301 0.00025913233583993445 0.0020345541512191423 0.03577469735780854 0.9993578096049297 -0.06396172214795404 -0.9973088773633765 0.0358315675357576 -0.0037014995757073087 0.19390322602628499 -0.04314751738570924 3.99965749409148e-09 1.4275025733767972 -3.0356446245605184e-09 1.427911863712107 1.4179674310572663
0.9992068205588587 -0.039443030324523336 0.005475135384229918 0.0011807850518986973 0.1667796873522254 0.9859934795085388 -0.039803712079630474 -0.9852049447934743 0.16669397487362642 -0.008152425668694108 0.20102256872219537 -0.03747642876614074 3.2536506822111733e-09 1.4287735074106198 -2.9238176324497545e-09 1.424814418658059 1.417797091957719
0.9931804418650396 -0.11544019410717007 -0.01631476267873505 0.010286179846140386 -0.05262688189944449 0.9985612679278696 -0.11613270168620625 -0.9919193378929763 -0.051080551220809824 0.00496410939339572 0.1891910997963129 -0.028177150147600638 4.380198426190418e-09 1.4226268287742005 -4.025491939785297e-09 1.4243967733791294 1.416426014218234
0.9840070536066832 -0.17812903576140546 0.00040628931319637573 -0.019770747805177513 -0.10694874100825451 0.9940679475407972 -0.17702891284623015 -0.9781779047880098 -0.10876005976929498 0.014714509416756498 0.19389583356303902 -0.02070161237479784 4.3904302415853635e-09 1.4105342689833247 -4.245284124237969e-09 1.4069691785973664 1.4034972958666572
0.9900869162659965 -0.1310304854876032 -0.05058567101237896 -0.003827608966868845 -0.38518983479854435 0.9228294211702761 -0.14040387333861692 -0.913487713678051 -0.38187294917388487 0.012494866241452546 0.20551161294944192 -0.026077938556754013 4.302101785924606e-09 1.4484955735786444 -4.3534758020769004e-09 1.4477472084354002 1.4408576624374643
0.9907731797883015 0.1355116666650433 -0.002257079936601592 0.00234723992075314 -0.0005055574274657236 0.9999971174340664 0.13551013496020303 -0.9907756217274172 -0.0008189711336997909 -0.03759283535468186 0.177433310266352 -0.05240661067527609 -1.2083782863214765e-09 1.423657491904291 4.525064767335607e-10 1.4237120239735326 1.4154485139789053
0.9907221525391713 0.13590002514097127 -0.000894223033917254 -0.0015954965652890357 0.018210205663070474 0.9998329074402478 0.1358936012432564 -0.990555183508921 0.0182580821760333 -0.03773508392951557 0.17799096766583725 -0.053264464308329734 -1.1774154984323104e-09 1.4229818551495184 4.275912957041328e-10 1.4232274292058795 1.4161795166229085
0.9892426136902613 0.1458318492878083 -0.011494476610888097 0.0030883513251436963 0.05773853395641864 0.9983269623638619 0.14625154134351123 -0.9876230725483591 0.05666703825669531 -0.03957477009568983 0.17930583558504865 -0.056916419048020264 -3.3150815426097324e-10 1.4227734608862281 -6.245040040653294e-10 1.4237797123766223 1.416187107732064
0.979414492033293 0.20051863801488312 -0.023227755031919102 0.02019388517023512 0.01716255846266081 0.9996487651114001 0.20084685657708945 -0.9795395461111676 0.012760008128134142 -0.0478143916035191 0.17919906122945123 -0.05473789943029636 8.420304453693461e-10 1.4023556340645182 -1.6556267468104124e-09 1.4078937085825247 1.3965232452118528
0.9834811021394876 0.1809681109556234 -0.003932499415348165 0.0005468864598342088 0.01875443504076088 0.9998239705475669 0.18101000704297698 -0.9833101311302832 0.01834566343434752 -0.04441845027706427 0.18293817618471608 -0.06262449658631612 1.134641713917972e-09 1.4072677962050095 -2.0857964244669347e-09 1.407532813058146 1.400586961990859
0.9887981560818455 0.14541849649870803 -0.033640264642202794 0.03509537547620285 -0.007451844479516248 0.9993561850681857 0.1450741918789367 -0.9893421707831465 -0.01247188681656139 -0.03809352219146089 0.18663079944671318 -0.055716127258155806 1.7504389049349811e-09 1.4115630268068688 -2.6260700281000027e-09 1.4196672088970042 1.4068870225710377
0.9967233767780618 0.06233032522341299 -0.051550370917012714 0.05500389576102048 -0.055022147132781384 0.9969689738281776 0.059304988283017286 -0.9965377533653416 -0.05827027099910431 -0.02404190363486542 0.18594237411486852 -0.05040333410867345 2.641514562640168e-09 1.4133888686436844 -3.019180461194537e-09 1.4253901334239556 1.4123692185740202
0.9946536172732557 0.07991409634268846 -0.06540580135553031 0.07809553524878379 -0.16769300563298178 0.9827411374497267 0.0675667745229381 -0.9825949282728403 -0.17303738877207495 -0.02509178398945573 0.18476787683561424 -0.04885688031359478 2.85212475858998e-09 1.4075500775060767 -3.061938258497321e-09 1.4218155955970628 1.407802979548328
0.9932073927983065 0.11094497921427425 -0.0350754398109929 0.03711757337372312 -0.01639457836477898 0.999176412625462 0.11027855928346457 -0.9936913149401003 -0.020401224840141667 -0.032294550331697126 0.1910987996691717 -0.05362448718039939 3.6182044027555094e-09 1.4162566428389454 -3.554025518326398e-09 1.425299299013398 1.412067383554537
0.999647686038709 0.013273770154345395 -0.022985013015970814 0.023715020936543058 -0.05774396581577888 0.998049714289747 0.011920636704222784 -0.9982431775062406 -0.058038409547558845 -0.016150485173571302 0.19101166502747122 -0.052319195110252126 5.145799342187729e-09 1.4231349500124972 -4.764085126396367e-09 1.4283383126983749 1.416905906185705
0.99791106195886 0.05980105322285418 0.024440672117959014 -0.021097893536284135 -0.055905021042438996 0.9982131573519637 0.06106055443960395 -0.9966435986127046 -0.05452656266303928 -0.024181305596853424 0.18883663236130593 -0.05761963583260375 6.537095309511187e-09 1.429044799538472 -6.2706480008500876e-09 1.423965208214236 1.4176995029155472
0.985405042955314 0.16969924424559832 -0.013381622499119894 0.03470976834188197 -0.12334687132297179 0.9917564122890697 0.16664973237268962 -0.9777462430699018 -0.12743685048997372 -0.04237009698556397 0.19345270925523878 -0.04771978809582661 7.158996950806795e-09 1.4182688428783967 -7.207423990962525e-09 1.413826382390413 1.407191942722366
0.9861529787276644 0.16453897419179364 0.020717830930552013 -0.011457975575946407 -0.05702864388485538 0.9983067908074928 0.16544188509037155 -0.9847205998396532 -0.05435368349226848 -0.04189924839907803 0.18271813071841292 -0.03375763111794257 7.962279724438304e-09 1.415821877718665 -8.13167932989245e-09 1.4132474014958474 1.40572112545148
0.9941599635362688 0.10258693985271321 -0.03349457677327171 0.015201217158077485 0.17415795714768895 0.9846003904930452 0.1068404881048274 -0.97935944664551 0.17158142197721382 -0.03192073097512055 0.1828227342076027 -0.04648732046978388 8.882833135714918e-09 1.4252967028576418 -8.96492924340464e-09 1.4283365695584118 1.418492271629562
0.9875261885741871 0.1565504409359237 0.016851893748384625 -0.02804898399992234 0.06959237013581356 0.9971811051737051 0.1549363784806883 -0.9852151346085014 0.07311536884705656 -0.043247436422476256 0.2131875449858127 -0.047564651771395 9.000972411854491e-09 1.4428584413924304 -9.095950659343544e-09 1.4409129630748625 1.4334639423837068
0.9813569270473914 0.1918914285870976 0.010782456626557801 -0.03281208985049949 0.11199873473973475 0.9931664765669153 0.18937251251367898 -0.9750045964258328 0.11620709295372256 -0.04995505814334154 0.2133759967014041 -0.03417060217444376 8.618338931398739e-09 1.4469472616206982 -8.738269663410847e-09 1.4432645036455627 1.436363619344653
0.9930695332211809 0.11752706116849207 -0.0005404451534951406 0.0006866771071386059 -0.0012037523812220303 0.9999990397269166 0.11752629774827819 -0.9930689507145525 -0.0012761129577077285 -0.035138454686011907 0.17967047727673377 -0.05228015753561423 -3.631477341059508e-10 1.4165158716884365 -1.7339907287805545e-10 1.4166279905823247 1.4123526868656313
0.9899827451353577 0.1411883746353192 8.486517686482134e-05 0.001877048685731384 -0.013762484380550733 0.9999035307027907 0.14117592224771505 -0.9898870828996166 -0.013889639519989871 -0.03782541284592518 0.18389189613018092 -0.052431433342795 -3.523288327755836e-10 1.4232075859359847 -1.9044676946577965e-10 1.4234599677427955 1.4144568051206505
0.9834116536013635 0.17566986353939185 -0.04518427386916465 0.04217768094890532 0.020813166716331065 0.9988933152849762 0.17641588021151777 -0.9842290948429078 0.013058563240485783 -0.043404176544675925 0.1843352175811067 -0.05195651561902388 -2.5154012206485277e-10 1.40208016563425 -3.2809932548616416e-10 1.4114826625385835 1.3974122485015847
0.9920307733699872 0.1225268420595566 -0.029361840232813675 0.030824683159999883 -0.010060106930951617 0.9994741783340995 0.12216703153891571 -0.9924142115182805 -0.013756786743977883 -0.03435115755239339 0.18526068234395582 -0.05518805364014687 6.417506526190664e-10 1.417497661148377 -8.638023629714553e-10 1.4233732960482968 1.4126887789522122
0.9928592468944161 0.11913300025529376 -0.006151756369140985 0.016104679252054686 -0.0827632064907181 0.9964391054939399 0.1181996411265344 -0.9894228519200206 -0.08409081362438786 -0.03352500360859054 0.1884624169429057 -0.05820290546473385 1.8245822630547082e-09 1.4192930795405134 -1.9152190944282665e-09 1.422992799310605 1.4128917542438755
0.9816205463182863 0.19077777488360423 -0.004994362446782244 0.004883475670626947 0.001051380732277765 0.999987523054128 0.19078064553607998 -0.9816326885393623 0.0001003983066665934 -0.0453539920381223 0.1892389715668107 -0.06254801343667658 2.3246125024911635e-09 1.40854290611475 -2.500557982898499e-09 1.409979259253027 1.4002856764033602
0.9862951093787456 0.16490832426539534 0.005215534828490904 -0.015489007236992251 0.06107369162712163 0.9980130734844345 0.1642621315774892 -0.984416196930452 0.0627909495915227 -0.041396760238675154 0.19453197262633407 -0.06233263938443491 1.901758750477711e-09 1.4148786561721245 -2.2439712310529103e-09 1.4169732602039709 1.4061964507484204
0.9915268042588901 0.12832925786933164 0.020154354637624515 -0.033126979203145314 0.09977158305636052 0.9944587645866982 0.12560732337338829 -0.9867001737048263 0.10317735956031601 -0.035420568317913584 0.19933083914708202 -0.061541210511883965 2.2615527228708743e-09 1.4246860397416272 -2.724692471645085e-09 1.4285222844435017 1.41761358204411
0.9869619112552226 0.1588340270445918 0.026037234573510357 -0.05114856597473938 0.15612681641258544 0.9864118011234448 0.15261064815459585 -0.9748826437318847 0.1622153538360825 -0.041873676118548246 0.2027014402892617 -0.08041154071134324 2.5208075626892423e-09 1.4324828794970257 -2.8514062222484426e-09 1.431971000885171 1.4239839365648361
0.9802811046959568 0.17101878095960824 0.09900268852492913 -0.14931986973456957 0.31291174018790147 0.9379711186145502 0.1294315737311641 -0.9342584328822882 0.3322779684387838 -0.04116560160868435 0.21129281529521815 -0.07102972667131119 3.2711717778965976e-09 1.4542332593202687 -3.050327990195001e-09 1.4677282626578654 1.453010706941587
0.9584487098871289 0.2153478922702697 0.18708649285945417 -0.25828998453754526 0.37673312144791293 0.8895832951959624 0.12108820918360681 -0.9009425289655631 0.4167015779881841 -0.040436888225403235 0.20129901741374753 -0.06063241076679041 4.776082640489676e-09 1.4516374997740877 -3.0999105504747604e-09 1.465884224587712 1.4503727830549566
0.9260753593588018 0.3191952573768014 0.20124317741633732 -0.26824147827420824 0.18179161724247128 0.9460435070511474 0.2653882780413132 -0.9300893481642097 0.25397414496310894 -0.06832508065009012 0.20491941679198752 -0.052396840352097074 6.962281418054772e-09 1.4494490426905084 -3.065332876417415e-09 1.4658198739812072 1.4493764757551606
0.9990724908294709 0.04305806311643438 0.00040158244226497995 -0.00039901918601033216 -6.81246924612398e-05 0.9999999180713544 0.04305808694642596 -0.9990725692159139 -5.088051288834137e-05 -0.02127933781878378 0.18509537707071477 -0.052538143780484714 -1.2288010609040612e-09 1.4317316373495492 -1.6474110964281863e-10 1.43165540018009 1.4239964084105559
0.9996665397517496 0.025660969151912266 -0.0028851278911484982 0.003330776966115043 -0.01734105310151744 0.999844084746283 0.02560693705943125 -0.9995202862070959 -0.017420741514624666 -0.018442576458394207 0.1852520153011159 -0.05237002530562497 -9.231131414821903e-10 1.428978133594871 -5.481446407884505e-10 1.429581238010626 1.4220372096033618
0.9992847628517609 -0.003636352084703839 -0.03763960249280372 0.03766614572760984 0.007529702845026063 0.9992620102060782 -0.003350253472002524 -0.9999650396481777 0.007661284689375452 -0.013663833897595073 0.18587837709070215 -0.05435986528488643 3.6350211729541115e-10 1.4197884798518068 -1.422987949695198e-09 1.428758273124072 1.4153546844562692
0.9973921814793837 0.030977843927241892 -0.06518596098406143 0.06642504015061584 -0.0408115026817379 0.9969564360040251 0.02822322385527932 -0.9986865346215889 -0.04276277821583685 -0.01888356683556403 0.18587933178759097 -0.055983094094259306 1.414176331593353e-09 1.4143298494808079 -1.886043321519537e-09 1.4282594797061572 1.4136157038816632
0.9909681044554727 0.12852534788147535 -0.038255076837892005 0.03446934088738211 0.03155228299128865 0.9989075622783258 0.12959197695350097 -0.9912041608013876 0.026837122038324016 -0.03548875581542997 0.18625899846501773 -0.060439164662703104 2.308614632795525e-09 1.4152408495057687 -2.4812969456888823e-09 1.4235667095410829 1.410119669877532
0.9916448585294539 0.1257976625611761 -0.028555606213908846 0.012768308096310022 0.12455912942979482 0.9921300285668453 0.12836450000080657 -0.9842052485990085 0.12191219696858409 -0.0356629920840173 0.18327375094490753 -0.06128160999689333 3.282742078170031e-09 1.4200430226335188 -3.4983447250169775e-09 1.422536838353814 1.413038093873256
0.9873859886514451 0.15637240365676688 -0.024831044871562763 0.0003284551711888739 0.1548060258474548 0.987944829673458 0.1583313030705202 -0.9754910382653048 0.15280193955597798 -0.04039108854406079 0.1835359196211004 -0.07021588202567595 3.382201185786471e-09 1.4181788641301125 -3.518214164444089e-09 1.4167519098141916 1.407555414781804
0.9978909982073099 0.06389515925898584 -0.011443964351907254 0.0022466715495256806 0.14219719300331288 0.989835799902654 0.06487301568269693 -0.9877739452553137 0.14175374743189378 -0.024867291352651387 0.18519120706245265 -0.06509737303571839 3.6022820282255452e-09 1.4267989776610408 -3.632667500141906e-09 1.427265542672849 1.4186110207457645
