0.9994652498435143 -0.03266277006576668 0.0015355151815106785 -0.0015580796254247142 -0.000665389502648436 0.9999985648213154 -0.03266170147317236 -0.9994662078872104 -0.000715924882057174 -0.01953813965606575 0.12801087424108318 0.042710324565402635 2.1151883791148407e-06 1.5053900059624556 -4.4853987191117994e-10 1.505390003589305 1.5053899996437359
0.9916217218025255 -0.12856421117667888 0.012554061251752987 -0.02120917096161481 -0.06617519501490218 0.9975825853691817 -0.127422650720017 -0.9894908221753539 -0.06834750115568655 -0.007158308948253787 0.14734836069669488 0.046085024564862825 0.0 1.49539 0.0 1.49539 1.49539
0.9993031857590177 -0.03731467220586809 -0.0008707296062234893 0.0008920453560787295 0.000554597938897226 0.9999994483379524 -0.03731416871593465 -0.9993034112116775 0.0005874978672102274 -0.018327642193812704 0.12818095557076203 0.0427095053173788 0.0 1.6939 0.0 1.6939 1.6939
0.9993612739790809 -0.03572724591176696 0.0007797246106939449 -0.0006534752192712779 0.0035452415443866696 0.9999935020951535 -0.035729778071605614 -0.9993552897553265 0.003519630236505676 -0.01855665624067964 0.12738172553853866 0.04279079426333507 2.1149892379668245e-06 1.670813283259486 -5.401572522600873e-10 1.6705926158511533 1.6651747757422983
0.9996678972299747 -0.025760130159056146 0.000714802063219886 -0.0010160023079156737 -0.011681306138166403 0.9999312550501743 -0.025750009458472195 -0.999599901351083 -0.011703599095734209 -0.020160818605830286 0.1262982145643825 0.04252033582949591 0.0 1.69677 0.0 1.69677 1.69677
0.9999986592744801 -0.0012475255861908478 0.0010607210539936188 -0.0010786945852720874 -0.014496019456639371 0.9998943453374984 -0.0012320175462593183 -0.9998941489476897 -0.01449734572055096 -0.024228101926653003 0.1235348980619459 0.04300904020755705 0.0 1.69916 0.0 1.69916 1.69916
0.999957186219117 0.008888362913301511 -0.002573467207386142 0.0025150166799256055 0.006581002341707889 0.9999751822416786 0.008905078317776972 -0.9999388418362894 0.00655836620313146 -0.025848648668776807 0.12322969158483715 0.042486393587116755 2.1143544008950244e-06 1.6775337819930494 -5.754410281610944e-10 1.6775989151578905 1.6711981720561404
0.9998549583405778 0.013073361565735356 0.010915562245378442 -0.010608348924585441 -0.023342383301957856 0.9996712439971844 0.013323858857531649 -0.9996420461140857 -0.023200310902842285 -0.027047230689118323 0.12050190618420827 0.042327389421499495 2.1147178816960377e-06 1.681180159418047 -6.870877200526593e-10 1.680330073056676 1.6751461144347841
0.999972374041986 0.006567064566537738 0.0034820706215389473 -0.0033590141054050653 -0.018657280802528032 0.9998202953017584 0.006630850403541762 -0.9998043706325925 -0.01863470651476182 -0.02547794108367117 0.11771089781132683 0.04251618606058341 0.0 1.71066 0.0 1.71066 1.71066
0.9995838499324544 0.028010341907786375 0.006895484059971412 -0.005883341575385198 -0.0360576592317418 0.9993323929016986 0.028240277019175242 -0.9989570891469445 -0.03587785942533015 -0.028954123972834974 0.11877222160401886 0.043989072582753766 2.114936803465639e-06 1.6815199563384606 -7.186926609392685e-10 1.6809052031523617 1.676058578104584
0.9999954485794686 0.0013446601439115497 0.0027008719786223365 -0.002669435247481741 -0.022856104892145145 0.999735201233116 0.001406035492807213 -0.9997378608206536 -0.022852411381216027 -0.02474763058664229 0.11190274932871205 0.043229406341527415 2.114883148607305e-06 1.7026998179119346 -6.605631597267347e-10 1.7028045288577225 1.697996430784717
0.9998876958345856 -0.014981047048018035 0.00040490486327103906 -0.0003200550734501744 0.005665773116758189 0.9999838981602351 -0.014983099924688121 -0.9998717253949801 0.0056603420667235725 -0.022456443065940385 0.11046795064783245 0.04469490457291181 2.1149776703310863e-06 1.7093802229803314 -8.606226842289288e-10 1.7099593601814318 1.7049448600691264
0.9999890364599495 -0.004453967377003122 0.0014453838612328 -0.0014819479491784693 -0.008216994179812236 0.9999651418109158 -0.0044419354089907746 -0.9999563206366834 -0.00822350464028751 -0.023955046867034917 0.1116017163387054 0.04345810315840418 2.115517361289676e-06 1.7041960951898867 -1.3081358218869354e-09 1.7036678703170063 1.6981713434222643
0.9999186238197939 -0.012526070512782667 -0.0024172910122965997 0.002738920482323607 0.02572359414458072 0.9996653415112862 -0.012459697144025679 -0.9995906133321749 0.025755808767838555 -0.02257565476683089 0.11086800588648808 0.043897589064349346 0.0 1.72996 0.0 1.72996 1.72996
0.9999998532670843 -0.000338443284758168 0.00042299167028173393 -0.0004339005759198787 -0.032909506211448364 0.9994582413143678 -0.00032433948316851994 -0.9994582781972752 -0.03290964823327673 -0.024514403193074324 0.11011812644012817 0.04462511730967493 2.115798304558325e-06 1.703824967259811 -1.7155175058292116e-09 1.704454267036807 1.698460752104805
0.9999256416302316 -0.011747960972622208 -0.0032705692708560573 0.003550607471324371 0.023895952098581415 0.9997081457404889 -0.011666378913540314 -0.9996454215802161 0.023935887632541515 -0.022915335505263354 0.11108050583336268 0.0429732946264996 2.11637181557478e-06 1.7073067030941242 -2.553895761536751e-09 1.7068876178578352 1.7026574387293572
0.9999445067394254 -0.010285586347058184 0.0022781912001771584 -0.0021676450295077185 0.010746063464049724 0.9999399099121171 -0.010309449872491005 -0.9998893582959686 0.010723171629828991 -0.023109969416784858 0.11084667304014913 0.04100762541202166 2.1171390001129e-06 1.706400609318817 -3.2281697315283964e-09 1.705751614675889 1.7002765477860828
0.9998692373384651 -0.012408741532001107 0.010369732773234705 -0.010974241500490416 -0.049683139586522464 0.998704736979011 -0.011877468067110137 -0.9986879436412649 -0.04981281941324607 -0.02283965499561036 0.11163135036195389 0.041175099605431836 2.1173391218098914e-06 1.7032356774161457 -3.165737894050835e-09 1.703523041339082 1.698591135510119
0.999955903871215 0.0093459331529188 -0.0009186112358417764 0.0010601212551424044 -0.015147677679343517 0.9998847053554961 0.009330940789965223 -0.999841588150055 -0.015156917547782322 -0.025975281929213542 0.11089410924942725 0.04583795787378345 2.117523621336659e-06 1.7045190612452394 -3.392025327286774e-09 1.7047161278767744 1.6992725955433219
0.9998634395597588 -0.01211452268843825 0.011240132194950812 -0.011844307783983703 -0.05101163375100819 0.9986278213604762 -0.011524521892335401 -0.9986245798908039 -0.051148155715223645 -0.02285953676265109 0.11222310691419857 0.040670221157009995 0.0 1.72492 0.0 1.72492 1.72492
0.9999220416055008 0.012483681486733046 0.000261549277916967 0.000360836214030498 -0.04982764555808146 0.9987577661952696 0.012481206220298758 -0.9986798102668722 -0.04982826563919692 -0.026388769423547394 0.11061401158511304 0.04409850219698133 2.117096955522868e-06 1.7047783048845968 -3.2589868581567316e-09 1.7056626199104885 1.7006101052698712
0.9999500511157967 0.00795673982764372 -0.00604860023730542 0.005987284032036109 0.007707576255827641 0.9999523717148634 0.008002980909340499 -0.9999386398972567 0.007659552009676633 -0.02577488478169075 0.11097467396225902 0.04372703103098036 2.1174608004770334e-06 1.7035191138521677 -4.018955834794724e-09 1.7039128007342068 1.6979287049035534
0.9999933712761004 0.0031343268779872625 -0.0018529433022587832 0.0018107969164048165 0.013396519981614223 0.999908622958573 0.0031588634644437977 -0.9999053501444045 0.013390755550336385 -0.02504389368798106 0.11126370061904933 0.045827439326044606 0.0 1.72342 0.0 1.72342 1.72342
0.9999923857101497 0.003899377284540363 0.00015290034571233818 -6.601114081568327e-05 -0.02227324247491535 0.9997519183838474 0.00390181550719617 -0.9997443160760888 -0.022272815477648217 -0.02521339652022014 0.11106820425038431 0.03917006013218419 2.1179551179528744e-06 1.7042515412242354 -4.429826283569582e-09 1.704832192994406 1.7000691123843898
0.9999171207729382 -0.010851954176510529 0.006927241565600744 -0.007437409980423623 -0.04769912887817233 0.9988340593096767 -0.01050887805335879 -0.9988027974504349 -0.04777588604353887 -0.023060837237074316 0.11155838745578403 0.04569114185663353 0.0 1.7277 0.0 1.7277 1.7277
0.9999049796684152 -0.0072928150817454206 0.011698140129507182 -0.012090552507965209 -0.05631340410109014 0.9983399316157796 -0.0066219464176521334 -0.9983865060019245 -0.05639622734643651 -0.023784177036039737 0.1121561702050836 0.04731350807106849 2.1173215634107123e-06 1.7030021037037661 -3.6056784225024785e-09 1.7037774778270744 1.6990120123294945
0.9999650799050978 0.0022537264348549617 0.008047340402165343 -0.00785223670055124 -0.07619927433268431 0.9970616896511323 0.0028603057861010094 -0.9970900617839541 -0.07617891665336834 -0.024959199811743625 0.11208447389612276 0.04431778164015185 2.117119090705444e-06 1.698121799085829 -3.496050560158892e-09 1.6992664603305174 1.6932931970948655
0.9998804343651411 -0.01137054838616929 0.010479866562814001 -0.011006511701105195 -0.047287817842584914 0.9988206640753183 -0.010861568668937196 -0.9988165862224577 -0.047407313918483844 -0.023005814643071134 0.11131940559525864 0.04393873226085557 0.0 1.72772 0.0 1.72772 1.72772
0.9999764608984175 0.006640486296499786 0.0017267283579061703 -0.0016375351661157868 -0.013413787295577864 0.9999086902257469 0.00666304192210532 -0.9998879808519229 -0.013402597517245478 -0.025566912466980757 0.11175593069297884 0.04496570525559704 2.1174824027525574e-06 1.7019463797920231 -3.30863159092587e-09 1.701538875968291 1.6954054612484066
0.9999827188510616 0.0028934207920499875 -0.005117627903513486 0.004979444456843896 0.04590134016780061 0.9989335674126189 0.0031252411330797434 -0.9989417876367573 0.04588613931178042 -0.02512884812089232 0.11195921755916616 0.044913581627384624 2.1179155895723056e-06 1.7006427101566324 -3.738132470232358e-09 1.6999110565469833 1.6956581220573774
0.999892194890241 0.014585475602465849 0.0016918921438208445 -0.0021604040923799694 0.03216614273152548 0.9994802008623946 0.014523472440641637 -0.99937610696035 0.032194185578158646 -0.026681220145868326 0.11048454676244845 0.04466268599035475 2.1184687550857006e-06 1.7021704850013109 -4.094118821740267e-09 1.7010169728792421 1.6948593637223572
0.999928209552283 0.0065792048960671414 -0.010014479741921753 0.009610697204305518 0.05877554967478219 0.9982249592449963 0.007156133090779525 -0.9982495423607081 0.05870809940565503 -0.025584099218228205 0.11213413891313344 0.04864419437235455 2.1185843364079915e-06 1.6977976539921809 -4.34666524995464e-09 1.697358229010086 1.6919382915967836
0.9998924233414923 0.009593206583615286 0.011095590643235448 -0.010059743245045867 -0.10199887779190303 0.9947336480159079 0.010674423175138212 -0.9947382566869722 -0.10189139989833076 -0.02612828774781238 0.11364258339740976 0.04635014591825451 0.0 1.71546 0.0 1.71546 1.71546
0.9999520760437743 0.008145926603572346 -0.005430423143287136 0.004902009686400442 0.0635420643235044 0.9979671218845549 0.008474427224324517 -0.9979459153387404 0.06349908772527985 -0.025793166606016313 0.1112921949039215 0.045030948203281185 2.119116810916921e-06 1.7018066500213918 -4.766117278620641e-09 1.700737951165637 1.6969195167193574
0.9993964230987389 0.03473881354987818 -6.580724266985749e-05 -0.000518151889783755 0.01680072032680177 0.9998587236780603 0.03473501138715087 -0.9992551979497767 0.016808579781977674 -0.02999666471715435 0.1205842026482717 0.0404254003614557 2.1193888226633817e-06 1.6828775205518554 -4.883197846083931e-09 1.681570846426646 1.6755587982241158
0.9999959297773248 0.0005584968747882825 0.0027979474663284293 -0.0027989705028397677 0.0018394689218124358 0.9999943910433747 0.0005533470047943681 -0.9999981522159561 0.0018410246510427858 -0.0248323871805281 0.11115554749050573 0.047916643016626986 2.1194969992421875e-06 1.7073552829413225 -4.678603282570748e-09 1.706646129262559 1.7024292251914002
0.9999141697269016 0.013098351211417983 0.00029389607561808306 -0.0004132933952563783 0.009113672044761045 0.9999583842192784 0.01309512764085773 -0.9998726789833807 0.009118303277844943 -0.026118083564277042 0.11104608396816014 0.05201510612960353 0.0 1.72131 0.0 1.72131 1.72131
0.9999996792583478 0.0006307835628934313 -0.0004935537441698515 0.0004905420814171058 0.004765748455292835 0.9999885234392079 0.0006331284766614054 -0.9999884448101175 0.004765437500836937 -0.024699723614226753 0.11173471240837399 0.04302678693030024 2.120083081535995e-06 1.7023356099313363 -5.060587504601699e-09 1.701577525893204 1.6959870028639612
0.9994832984263355 -0.02150676243485119 0.02388713746734579 -0.026475817860938708 -0.12947077940086138 0.9912297152274683 -0.018225455698209582 -0.9913499767745518 -0.12997329077040498 -0.021771887634032677 0.1143147595643111 0.04851547026158212 2.120734168720162e-06 1.69390659326561 -5.197062336037561e-09 1.6931166025072262 1.6897360991746
0.9998365793953599 -0.007543242823693561 0.01642905933670345 -0.017028167151410135 -0.08777811865687415 0.9959944996878864 -0.006070916442330925 -0.9961114904330551 -0.08789222150331459 -0.023585419287505762 0.1138416823844483 0.03239021045036791 2.121329110593706e-06 1.6966691125676698 -5.392277735438711e-09 1.6948512203614783 1.6900028850565514
0.999850578780064 -0.010124205877084923 0.014011444198552141 -0.014764334371694204 -0.07857800120351503 0.9967986316992119 -0.008990803286222556 -0.9968565584788108 -0.07871573714353222 -0.023184927424718612 0.11238630704131522 0.04013168586324717 0.0 1.7239 0.0 1.7239 1.7239
0.9996300150865337 -0.014106751910706287 0.02325580548220124 -0.02481566559149928 -0.1229424254764437 0.9921034939759157 -0.011136232726872938 -0.9923135389424549 -0.12324700707179083 -0.0228961818480182 0.11366607669286947 0.03946021255956578 2.1222796444675396e-06 1.6959366921956338 -5.384611867498279e-09 1.6950459865125778 1.6902490555354133
0.9998412051755553 0.017007404620665044 0.005320960548830369 -0.0034539768804563355 -0.10797598314921777 0.9941475026909584 0.017482404777446992 -0.9940080156875138 -0.107900093939573 -0.027017861342706565 0.11173482783985132 0.03633437914151086 0.0 1.71838 0.0 1.71838 1.71838
0.9999970929492177 0.0024104119545481925 6.330341953034169e-05 -0.0001078420603698449 0.018481961237881574 0.9998291881511018 0.0024088302562796345 -0.9998262884236495 0.018482167453673218 -0.025034394317037915 0.11161986506049949 0.05385942831803152 2.122078174515707e-06 1.7010034179872662 -5.156167937059308e-09 1.699857242604633 1.69588852302177
0.9998937851592635 0.0030528530123960784 0.014251262693712394 -0.013873629959679681 -0.10022446716259097 0.9948681211968331 0.004465511350604013 -0.9949601681828572 -0.1001714676837581 -0.025164453207290386 0.11333027311702969 0.0463977072262039 2.122336144161352e-06 1.695432607034589 -5.131316704876099e-09 1.6948970484634849 1.6905784684324106
0.9999284709033174 -0.002150385762610846 0.011765581924649951 -0.011875396804361484 -0.06137322852492931 0.9980442383838332 -0.001424088372486062 -0.9981125701350018 -0.06139437523754587 -0.024197601927688862 0.11316369792694085 0.03867152895804138 2.1227128854661714e-06 1.6999637328996213 -5.33784216827371e-09 1.6991517626764647 1.694477223982764
0.9998871260579529 0.015014405770782186 -0.0005502389643622929 0.0008722808873333696 -0.02145075110380706 0.9997695256423533 0.014999142296184568 -0.9996571576777877 -0.02146142665215862 -0.026749316591850807 0.11021943410400845 0.040545110122678724 2.122683635974454e-06 1.7020712024255573 -5.339052755459761e-09 1.7022806095347818 1.6952290789672393
0.9999898150661553 0.004140506825439407 -0.0017960977660423996 0.0016828944677605012 0.0271836665046682 0.9996290392648531 0.004187795382665438 -0.9996218807522131 0.027176421604792937 -0.02541557196350256 0.11546713089263402 0.04204124169356005 2.1224477722014967e-06 1.686937741864372 -5.376442402393877e-09 1.687265206799938 1.6818148176091672
0.9999089233791791 0.012017581829587346 -0.006141878675155525 0.005375853297410194 0.06276764496631361 0.9980136887571771 0.012379222431796025 -0.9979558108816001 0.06269732354440771 -0.026426526246621174 0.11099176198041873 0.04361733592375333 2.122685415884007e-06 1.7001212844786266 -5.570024441681198e-09 1.69961033948399 1.6958244740318884
0.9986772249706752 0.05068007276512016 -0.008679317334540054 0.004695687393465556 0.0781997051600351 0.9969266555934726 0.05120303550351649 -0.9956487012683769 0.07785828676396575 -0.0327650437180054 0.13023825405980394 0.0343765895266408 2.1224976833877918e-06 1.663112827945806 -5.483282272678025e-09 1.663195294422982 1.6567885736535768
0.999693248204397 -0.01177067523726607 0.021791298699266798 -0.023003512033250795 -0.11520645943712413 0.9930751784925944 -0.009178667042547037 -0.9932718273002719 -0.11544188651828666 -0.02306938008069401 0.11330632924313216 0.05589738960470331 0.0 1.71857 0.0 1.71857 1.71857
0.9999921831470943 0.0024138655756484537 -0.00313159666802193 0.0032126790604476707 -0.034352269299616406 0.9994046229066689 0.002304850963300668 -0.9994068715227794 -0.03435975574836992 -0.025167658131110705 0.11019347978793206 0.051739061276734666 0.0 1.72565 0.0 1.72565 1.72565
0.9986964352115663 0.05102810755920003 0.001250013854606269 0.002792037611574358 -0.07906414796182258 0.9968656203486237 0.05096699737757315 -0.9955626513414401 -0.07910355511806479 -0.03216374081097065 0.11826159672595854 0.04484596028882479 0.0 1.69849 0.0 1.69849 1.69849
0.9999935054262378 -0.0035885130091318973 -0.0003341851710165489 0.00036951724309363526 0.009849736147429004 0.9999514218975006 -0.0035850470502202187 -0.9999450511264154 0.009850998195024996 -0.02393326717292519 0.1112299567520781 0.04983083282883216 0.0 1.72397 0.0 1.72397 1.72397
0.9995883385686334 0.02819757136885109 -0.005296259670565676 0.004245783807774579 0.037184518456101386 0.9992993970312628 0.028374754932107348 -0.9989105107846682 0.03704949023207262 -0.028975531343930938 0.11946177498909466 0.04566073609407742 2.123375276497086e-06 1.6822129758982989 -6.626985182833778e-09 1.6832034808142877 1.6766421364862412
0.9997582594502918 -0.0060440348048629265 0.021139827440181516 -0.021588138815507994 -0.08756369427418474 0.9959249729309633 -0.004168323812445833 -0.9961405870098531 -0.08767300604096954 -0.02410400507169633 0.11237908888628502 0.04334593626815808 0.0 1.72255 0.0 1.72255 1.72255
0.999735709827005 0.003050833936003471 0.022786024422637316 -0.02195126949999815 -0.16779643970574834 0.9855772402959666 0.006830246264414334 -0.985816944079564 -0.1676851230777416 -0.025558746239206676 0.11430253054452953 0.032176184633481264 2.123919128571572e-06 1.6903604038251228 -6.334253122020073e-09 1.6897436382969326 1.685626861315341
0.9999902425470562 0.004182949522984326 0.0014204731493386857 -0.0013955666269277328 -0.005951207773740495 0.9999813175853954 0.004191324906235801 -0.9999735426796662 -0.005945312120354283 -0.02522350405755202 0.1103313934573175 0.04183307364767391 2.1242657037845447e-06 1.7064128764789332 -6.653299244874233e-09 1.7063545286084265 1.7011215359784542
0.9998887049762212 -0.014918535184847797 -0.0001223475115156858 3.178184629296782e-05 -0.006070766778971379 0.9999815722205232 -0.014919003012579691 -0.9998702831360945 -0.006069616994246196 -0.02232545015427246 0.1176233579433846 0.03908085621164924 2.124279182780242e-06 1.6894290494791564 -6.732737922732213e-09 1.6891290516013333 1.6860667235998248
0.9999594940446878 0.00886397068683417 -0.0015621438971066687 0.0021030496486822148 -0.061345667472785276 0.9981143653231797 0.008751425716276207 -0.9980772210134753 -0.06136182397835889 -0.02587891478820109 0.11069112005495202 0.041409780874847035 2.123834568656946e-06 1.7026363503710025 -6.993664314336456e-09 1.704225343705147 1.699277806792689
0.9997734397128063 -0.01177657395986399 -0.017730807950890083 0.018944378790625507 0.11251807776328523 0.9934690698198372 -0.009704625549746465 -0.9935798883241463 0.11271568551322421 -0.023153324942416755 0.1133572509817824 0.05606177284403763 2.1237180272137834e-06 1.6955338609877577 -7.492117148899524e-09 1.6967575580405212 1.6919399713573071
0.9999684051944505 0.0077328699341258295 0.0018415578864970708 -0.0026930924243061607 0.11159624148737379 0.9937499817052003 0.007479028416951742 -0.9937235438533565 0.11161354095926167 -0.02676035540551755 0.11608639016065199 0.03918547313116097 0.0 1.70532 0.0 1.70532 1.70532
0.9998482575575197 -0.002011474697495428 -0.017303636286421474 0.017419390345070264 0.10612849727891385 0.9941998324810387 -0.0001633988907510141 -0.994350388965007 0.10614743174444485 -0.024478148759762404 0.11287864184158 0.04080268235587731 2.1234106712952894e-06 1.6961289703472637 -7.459510342755493e-09 1.6969707658989863 1.6915930785814597
0.9998159825469627 0.00792446052084431 -0.01747008783907999 0.016478042303686595 0.11151797765961755 0.9936257921272712 0.009822177227555287 -0.9937308204861931 0.11136687680970438 -0.026024605779212097 0.1165662163871293 0.05057640984390528 2.1232389340042346e-06 1.6864875187021502 -8.17569212330227e-09 1.689012896476921 1.682366640908187
0.999926282663178 0.010882451606390722 0.005385302817197735 -0.006053290232780784 0.06231179826549342 0.998038374750329 0.010525536411797485 -0.9979974008202399 0.0623730794436904 -0.02651958272942246 0.11106461414465213 0.03621385912534987 0.0 1.72444 0.0 1.72444 1.72444
0.9999582799968283 0.008550805740853205 0.0032127849238330723 -0.002543136679310073 -0.07720381508014967 0.9970120878870528 0.008773295937956546 -0.9969786630907663 -0.07717884826902247 -0.025780871249273897 0.11175228669125777 0.034502413911436436 2.1233038891566025e-06 1.6990558853008428 -8.207776680535517e-09 1.7011116453706334 1.694817708731799
0.9999943152858529 0.0021694319257190772 -0.002581271217423159 0.002487200309028076 0.04229988168116927 0.9991018635976924 0.002276670947018264 -0.9991026041277635 0.04229424540667741 -0.024887698590795863 0.11196020805436907 0.04463037762398993 2.1232737585918926e-06 1.7024103701809725 -8.361955572411262e-09 1.7011637683537568 1.696103049303236
0.9999652067671269 0.007305752211177801 0.0040263183935284885 -0.004289878946332398 0.036426152395360005 0.99932713980973 0.007154173173960013 -0.9993096424063459 0.03645622580435488 -0.025832523873395193 0.1104567052674372 0.040935675489991136 2.1238698195702455e-06 1.7063159437228723 -8.612406787733562e-09 1.7048518941693596 1.7001669412434932
0.9999823272216803 0.0016238660128278782 0.005719117369344856 -0.005672617712232639 -0.027325119801003737 0.9996105037644172 0.0017795090904021405 -0.9996252802360658 -0.027315425319112286 -0.024849253599425424 0.11231836231040447 0.03617715109052784 2.12398029564298e-06 1.7004624378827726 -8.470959045325799e-09 1.7004308008598086 1.695586071899256
0.9999877637758143 0.001732817770048941 0.004633534420062313 -0.004528617843262514 -0.056308775015000916 0.9984031317442565 0.001990959335542497 -0.9984118985663613 -0.05630023873873366 -0.024829374127221138 0.11192120515139303 0.03407596205267116 2.124032103090201e-06 1.7004791194741449 -8.63035953813096e-09 1.7020740674796384 1.697085089670896
0.999944389391167 0.010544680874520287 0.0001668244010563369 -0.0004152041823004271 0.023557185285955497 0.9997224047838932 0.010537823808228241 -0.9996668788784882 0.023560253452139475 -0.026054810649543 0.10997231571733512 0.05267262393591818 2.1241984367037503e-06 1.7036791943347955 -8.842454768398511e-09 1.7032306198605927 1.6975427285279636
0.9996555943475598 0.014627108318537321 0.021788538084616255 -0.01830971981354179 -0.20604613737856903 0.9783709641192962 0.01880018217934576 -0.9784329496565463 -0.2057073556691976 -0.027319064339570133 0.11488585530844961 0.048537452678412696 2.1242824654876813e-06 1.683437516896924 -8.990078903536869e-09 1.6839382490451547 1.6780449582034
0.9999633041682418 0.0033311311057465905 0.00789264736885395 -0.007824246211212832 -0.02007030756253466 0.9997679550403542 0.003488765993739107 -0.9997930217399509 -0.020043507475971816 -0.025572450778839073 0.11098306616953395 0.053800482115349574 2.124262318048409e-06 1.707589765806131 -8.78138273208151e-09 1.7075490193449259 1.7031938735380594
0.9996345688652668 0.026422271469387942 -0.00570896662716644 0.0024876600524467996 0.12037884022233748 0.992724909717787 0.02691728584043334 -0.9923763390957699 0.12026912041692786 -0.028576730462805705 0.111787083687869 0.06431229014055574 2.1244891259541987e-06 1.6977192478733691 -8.724298616868964e-09 1.6972138562273082 1.6927985125250338
0.9994989115546521 0.027437256169832246 0.015783623631372284 -0.010496699523787234 -0.18312319056129106 0.9830339344995982 0.029862101402499047 -0.9827070235082905 -0.18274342901265367 -0.028866946562782287 0.11487061859100242 0.03985635184953243 2.1243614671817568e-06 1.686219881959845 -8.841996468333946e-09 1.6877217017599158 1.6809895904518752
0.9992184325209745 0.03682094625256169 0.014378526607148515 -0.006843348501064564 -0.1971180488868792 0.9803558758860595 0.03893189812505282 -0.9796880588841 -0.19671200926299504 -0.030346183504050963 0.11532258252119011 0.03381948414705768 2.1237648830663147e-06 1.6828450378213073 -8.54263415561718e-09 1.6842742709269967 1.678281399289414
0.9998331304556612 -0.005979350307356528 0.017261477721631755 -0.01799477969247672 -0.15962753997375864 0.9870132908860677 -0.003146290999208674 -0.9871592049167285 -0.15970850009038437 -0.023908464478067 0.11784754926229474 0.06275179478636367 0.0 1.7038000000000002 0.0 1.7038000000000002 1.7038000000000002
0.9995861357011325 -0.02619004523789647 -0.011901211892653002 0.01438504128452009 0.09679227512336372 0.9952006461330728 -0.02491240456719386 -0.9949599675398403 0.09712896113827459 -0.019654416030241765 0.1276455144539993 0.05589814011055404 0.0 1.68862 0.0 1.68862 1.68862
0.9971239541272845 0.07219922359388627 0.023045438117099783 -0.004984078560757171 -0.24095026459739652 0.970524666843324 0.07562393183688124 -0.9678482536549233 -0.23989743398095387 -0.036782038069678454 0.12432464120224605 0.03398542413781955 0.0 1.6828 0.0 1.6828 1.6828
0.9989126640894467 0.04009732015940082 0.023784331770285917 -0.012456493713870902 -0.26206734211083993 0.9649691932716383 0.04492577529749282 -0.9642162169944015 -0.26128291486227084 -0.031925200123990326 0.12579150350400767 0.053310575075617345 0.0 1.68452 0.0 1.68452 1.68452
0.9999999034295999 0.00029369254115202154 0.00032693345226808557 -0.0003246643663242371 -0.0076931650026668096 0.9999703544632165 0.0002961989874721775 -0.9999703640393215 -0.007693068908232025 -0.024577620067017324 0.12991452102922332 0.03881182199852708 2.12297889579105e-06 1.6667961943671035 -8.694210684723203e-09 1.6678385860894682 1.6618221487150233
0.998967370588614 0.04185862947148555 0.017664870167643662 -0.010301881858997483 -0.16999063219305965 0.9853918287649676 0.0442500138919084 -0.9845562655863669 -0.1693838722110022 -0.031585614271770854 0.12685964583618564 0.028625596988492513 0.0 1.6856 0.0 1.6856 1.6856
0.9996930486060736 -0.02449499635370825 -0.0037153360987131623 0.005169255749923829 0.059562324373144966 0.9982112042600304 -0.02422988575471337 -0.997924007461941 0.059670662535398905 -0.020563075973667848 0.13425634481889087 0.04771588507710413 0.0 1.682 0.0 1.682 1.682
0.9998739279860331 -0.005829975296406192 0.014769547109653516 -0.015141309310715598 -0.0699336975294733 0.9974367241595897 -0.00478214242136493 -0.997534605584137 -0.07001315430661832 -0.023780449205415898 0.11405893153063071 0.04589762561384221 0.0 1.71631 0.0 1.71631 1.71631
0.9999950344747129 0.000985767533072954 0.002993207023965938 -0.0029748920867042894 -0.01808435208519408 0.9998320390079183 0.0010397321722654144 -0.9998359787845352 -0.018081329734853026 -0.024746103804421396 0.11230739364305868 0.04138579733503045 0.0 1.71855 0.0 1.71855 1.71855
0.9998986356603295 0.014223944251594884 0.000630725407115118 -0.0013063361002559337 0.04753898868343176 0.9988685289070579 0.014177866221855382 -0.9987681031975761 0.04755275117709919 -0.026649418877770583 0.11034852390919508 0.06558579144404192 2.1240668353073033e-06 1.7060956776647531 -8.859186273468822e-09 1.7054047324058574 1.7006637556905577
0.9999915918399286 -0.001550164406773565 -0.003796477282670135 0.003870207233593227 0.05071111435865467 0.9987058647952722 -0.001355634690800123 -0.9987121606703382 0.0507166874289881 -0.024387676480271327 0.11133353707234189 0.027903909580500777 2.1248300337006754e-06 1.7040738384553178 -9.407816747852848e-09 1.7031494275313817 1.6985207314749768
0.9991739401011652 -0.0319440932197036 0.025119958819313698 -0.03101206042946214 -0.19990763029650377 0.9793238440154287 -0.026261940724792557 -0.979293885540805 -0.20073314676893853 -0.02049018847980754 0.11660426232766893 0.03682264200853208 0.0 1.70905 0.0 1.70905 1.70905
0.9969924359405167 0.07461618304386643 0.02094058034913885 -0.0033321326658313326 -0.22868289493218055 0.973495264732877 0.07742725340144657 -0.9706371921544122 -0.22774648545544382 -0.0370823307907516 0.12491399251200083 0.0322026491878154 0.0 1.67829 0.0 1.67829 1.67829
0.9999513053738487 0.0031816836015483175 0.00934150794016151 -0.008659104537568841 -0.1711688022605253 0.9852036647522708 0.004733581069752236 -0.9852365797219249 -0.17113291672877914 -0.025037684415598206 0.13077234421128675 0.04562985339677936 0.0 1.68329 0.0 1.68329 1.68329
0.9999889807122551 0.0009642103778127456 0.004594426233184262 -0.004564758502234895 -0.028795522016109094 0.9995749000908516 0.0010960993938177815 -0.9995848579336158 -0.028790803322446188 -0.0246110618355221 0.11739250809861917 0.05608489903079482 2.125046365542005e-06 1.6872293078811538 -9.397342459749325e-09 1.6868552441088127 1.6837512640159051
0.9993789789879624 -0.022856336398728732 0.02681872933988494 -0.032098284908695096 -0.2764856093515649 0.9604818623625405 -0.014538103827462928 -0.9607462181595732 -0.27704755517632695 -0.02225993696860399 0.11763114752616613 0.024654007961118385 2.1253899289419564e-06 1.6784936665601693 -9.422197244646213e-09 1.6785560383614628 1.674625041162991
0.9994382859135216 0.03351255497252227 0.0001459775860307433 -0.005938304111770071 0.1728065685655573 0.9849378794649303 0.0329825589443585 -0.984385492843028 0.1729085084247473 -0.03048885087231831 0.11226477195767512 0.04211567401800645 0.0 1.70962 0.0 1.70962 1.70962
0.9975975368227193 -0.0684090064689703 0.010925308195720781 -0.019220568831385842 -0.12180362219084867 0.9923681007342924 -0.0665561737109418 -0.9901939635521505 -0.1228258534911993 -0.013994596799326946 0.12433911065533927 0.03928020265803049 2.1257632329962917e-06 1.6736671715482458 -9.215842311505185e-09 1.6750894309312194 1.672000234030964
0.9999871187130344 -0.0007092157601861757 0.00502587514857053 -0.0050495345434120875 -0.0386549913065163 0.999239858016076 -0.0005144014953355827 -0.9992523648508912 -0.03865807458996042 -0.02451300417885484 0.11232533272885106 0.03239111158040399 2.1257046540767988e-06 1.698983963003574 -9.227045794091282e-09 1.6996649008462015 1.6945828805777294
0.9997970823721203 -0.004088749584441077 -0.019725014753645756 0.020081316035621175 0.12490655992962539 0.9919652675536701 -0.0015921138380510513 -0.9921600845697143 0.12496332165937353 -0.024350663704545212 0.11315416234582577 0.04999850608145018 2.1254311990404062e-06 1.6951618377410371 -9.581356152921217e-09 1.6963004068236005 1.6912518818637237
0.9999947681071399 3.1361663103339314e-05 0.003234621275140355 -0.0032339332557707254 0.03248013180275157 0.9994671493920012 -7.371597332647608e-05 -0.99947238083627 0.03248006329170715 -0.024681193617626697 0.11065691824691873 0.06146076766516717 0.0 1.72857 0.0 1.72857 1.72857
0.9983028450333427 0.05260327328853122 0.024986501108919278 -0.007389297012442925 -0.3111698905239759 0.9503255744853752 0.05776528272237423 -0.9488973573946915 -0.31025308578864325 -0.03399319698470199 0.12044941303862601 0.05557840340500758 0.0 1.6838 0.0 1.6838 1.6838
0.9994315287136589 -0.010409559069386853 -0.03206650110411083 0.03357145908385639 0.2199790313148726 0.9749267577191383 -0.0030945998222635523 -0.9754490590808683 0.2202034436383518 -0.02388186517526874 0.11533758071875058 0.061062480588682244 0.0 1.70684 0.0 1.70684 1.70684
0.9963974262392571 0.08480664754407806 -3.893736990144038e-05 0.015359691499381024 -0.18001018636436544 0.9835448198644077 0.08340412975883206 -0.9800021251698392 -0.1806642903336765 -0.03755149102422792 0.11782724117753947 0.05344708805648005 2.125034720634744e-06 1.6668006481685609 -9.349752083664953e-09 1.6712902870714972 1.6633517042071935
0.9995306088753817 -0.012117074427902379 -0.028137846906213036 0.029885871127559804 0.18365854549515387 0.9825356855471212 -0.006737701993684169 -0.9829154160831506 0.18393446712873346 -0.023520929776017205 0.11537329024711751 0.06639717523229431 0.0 1.70847 0.0 1.70847 1.70847
0.9996980642612535 -0.02385953873775394 0.005873901899456974 -0.007585831000057063 -0.07230579841121473 0.9973536617891143 -0.023371681162068746 -0.9970970835015707 -0.0724649611351597 -0.02076482654896203 0.13355968054351602 0.04653185599474083 2.1246903720850696e-06 1.6631704077554845 -9.476699425192692e-09 1.6650187970866162 1.659174405017752
0.9917132371379942 0.0393310719372765 0.12230258405097309 -0.12716216714546175 0.1649624824897435 0.9780680766785564 0.018293128003438935 -0.9855153200996348 0.16859690185992135 -0.025569864843342394 0.12919152030984518 0.035303849196993226 0.0 1.52166 0.0 1.52166 1.52166
0.99997043804525 -0.0029099679338758276 0.007117241194068398 -0.007295114046177064 -0.06653641229470025 0.9977573287879187 -0.0024298861380730534 -0.9977797542171186 -0.06655567389623909 -0.024196375893161617 0.13264105110771923 0.04619693238388756 2.1225802298019403e-06 1.665088293541289 -1.0954577689403777e-08 1.666170855139745 1.6591968112504007
0.9999723439970004 -0.004003664102042726 0.006267528612034998 -0.006542983481308911 -0.07296138068378454 0.9973133039801884 -0.0035356199326259017 -0.9973267306166389 -0.07298555877170587 -0.02399256557591546 0.13180219655783376 0.0462637585819759 2.1224629707106146e-06 1.6657429138409148 -1.0937572625380199e-08 1.6660415528527075 1.659997134778851
0.9999766399691837 -0.005174908730875462 0.0044654043007195995 -0.004793443013075903 -0.06521546422719829 0.9978596926069875 -0.004872619421027019 -0.9978577872348635 -0.06523874642204354 -0.023725824145641908 0.13079496538209162 0.04606788782023241 0.0 1.6907900000000002 0.0 1.6907900000000002 1.6907900000000002
0.9999698925468328 0.006711288796168847 0.0038952025069676523 -0.0033305745674706497 -0.08217961799721686 0.9966119694539506 0.0070086569987684805 -0.9965949372681592 -0.08215479133043722 -0.02568090204589316 0.13020209158630353 0.046625111624825244 0.0 1.68807 0.0 1.68807 1.68807
0.9999787687935706 0.004753629563699098 0.004457013357154666 -0.004119631970926884 -0.06876447510763856 0.9976244160983606 0.005048821101885707 -0.9976215965831645 -0.06874343195054397 -0.02530904899933379 0.12995436632786259 0.04684093857435234 2.1218342327600226e-06 1.667680220016786 -1.0153539342638851e-08 1.6667686864656979 1.6599537298265234
0.9996775262185905 0.025037573138584988 0.004238337505341727 -0.0022806963056125596 -0.07770523377948456 0.9969737684952583 0.02529114465263969 -0.9966619369548562 -0.07762307277835369 -0.02854089452283865 0.12869603744512736 0.04689781317623562 2.1215759415937896e-06 1.6673891610971943 -9.798844402553186e-09 1.666655784383427 1.6612091468974777
0.9999623224094646 -0.0005182025767685663 0.008665173256174063 -0.008680577406984833 -0.06389875954587047 0.9979186320058265 3.656981580877131e-05 -0.9979562515434173 -0.06390085029215271 -0.02423389050723171 0.12670182845323724 0.04513921870210025 0.0 1.69025 0.0 1.69025 1.69025
0.9996039584134933 0.0275288818597845 0.0058384062572992895 -0.003439233621274098 -0.08640613899543043 0.9962540593724076 0.027930234445373736 -0.9958795809772647 -0.08627724031501051 -0.02885682707975211 0.1281078893386462 0.04732244390154175 0.0 1.6907900000000002 0.0 1.6907900000000002 1.6907900000000002
0.9996058416445099 0.027060354689103883 0.007476533573176028 -0.005804780119612278 -0.061338337789757426 0.9981001517107151 0.02746754226234826 -0.9977501418297516 -0.06115708136247676 -0.028793112692903727 0.12538742453180257 0.04795929476358113 0.0 1.6945100000000002 0.0 1.6945100000000002 1.6945100000000002
0.9999189026742139 0.010356633727036149 0.0074113570039505885 -0.006867088828964038 -0.05163488232282108 0.9986424194968507 0.0107252583097615 -0.9986123267141022 -0.05155957494817482 -0.02603704421042037 0.1235450133922701 0.04589714043910642 2.122060804410353e-06 1.6783060730090673 -1.0281293150171678e-08 1.6783408760696172 1.671169032864432
0.9997224771166603 0.015793399898982347 0.017479624348347763 -0.015530814339495103 -0.11605393774278057 0.9931214816629168 0.017713343944062647 -0.9931173405262975 -0.1157764457577348 -0.027385058934101838 0.12221779010588013 0.04887980927933516 0.0 1.69891 0.0 1.69891 1.69891
0.9999572745916396 0.007185490672903931 0.005815300082518507 -0.005402695478654379 -0.05616472021850516 0.9984068985560658 0.007500658159458893 -0.998395659509078 -0.05612349953992797 -0.02565575423831392 0.1236192809914044 0.0460493599364821 2.1219276193917835e-06 1.676558670680623 -1.0117934934328332e-08 1.6769110372855227 1.6716387636835321
0.9998890137352217 -0.0007282708726452408 0.014880518577730477 -0.014867113840646762 -0.11339726991479238 0.9934384873266795 0.0009639178675461867 -0.9935494596633869 -0.11339551166133889 -0.02479240549580161 0.12337631977690043 0.04420832112709461 2.1219829609009366e-06 1.675398150211656 -1.0065259736791177e-08 1.6752993378094887 1.6696436935101122
0.9998690142026834 0.013939891537103457 0.008223980866208503 -0.007547038676487741 -0.047937353935489875 0.9988218321126543 0.01431770388608349 -0.9987530673402697 -0.04782586992238682 -0.02679576150355207 0.12141464626283219 0.04420067809017539 2.1219002803718467e-06 1.6803766665064552 -1.023108531228445e-08 1.68148801786195 1.6755587513812902
0.9999847200106409 0.0021369329932001673 0.005098358816598585 -0.004929502789210789 -0.07270925208304191 0.9973409971838998 0.0025019487387592907 -0.9973508901980823 -0.07269760706929343 -0.0248788245660372 0.11192988380176364 0.04584919105581234 2.121385840325729e-06 1.6995969527857975 -1.008938887991917e-08 1.7013615367409853 1.6958447312276617
0.999946564690083 0.009692192914755158 -0.0035957142551476945 0.004178749569425044 -0.06082220266429354 0.9981398688135343 0.00945546490329971 -0.9981015584896994 -0.06085945385801366 -0.025982773018118424 0.11091947270948567 0.04336244670012457 0.0 1.72381 0.0 1.72381 1.72381
0.9997933840785601 -0.014331327238877813 0.01441534641667365 -0.015424136611890155 -0.07296963439269491 0.997214885802641 -0.013239530298249097 -0.9972311896025758 -0.07317560605360988 -0.022641164287918354 0.112550561531798 0.044988175373954886 0.0 1.72338 0.0 1.72338 1.72338
0.9999478171549153 0.009880809809453304 0.002594718603154661 -0.0018626993071488435 -0.07338624894040806 0.9973018544140724 0.01004456661142194 -0.997254645546445 -0.07336401445956213 -0.026020760084361744 0.11161693228096718 0.04738374421024821 0.0 1.72099 0.0 1.72099 1.72099
0.9999846859420043 0.005426808570929744 0.0010851867146325148 -0.0008877919702991524 -0.036245035907108224 0.9993425384709238 0.005462573284506493 -0.9993281979013837 -0.03623966297145265 -0.025401472009981916 0.11009834729367915 0.04806777429547815 0.0 1.7276 0.0 1.7276 1.7276
0.9999966703329388 0.0025729736932387877 -0.00019781155134958317 0.000255609488367059 -0.022482582085412987 0.9997472021298995 0.0025678759365286383 -0.9997439238670803 -0.022483164902389274 -0.024910988705731954 0.11163715849138547 0.0469089025347062 0.0 1.72297 0.0 1.72297 1.72297
0.9998827972551032 -0.0044795207839435835 0.014639864987645607 -0.014983176830006127 -0.08982930231207469 0.9958444661985156 -0.0031458171261282775 -0.9959471021794644 -0.08988589152329104 -0.02399071868698236 0.11309284887971105 0.044188006938296 2.120684505335646e-06 1.697961707715189 -1.0575268660772963e-08 1.6971494508805982 1.6922880648887348
