0.9999962462408768 -1.4799925867960045e-06 0.0027399821104321528 -0.00273998202184799 -0.001137152776499443 0.9999955996813601 1.6357921900796875e-06 -0.9999993534404773 -0.001137152563054914 -0.0004113921582527699 0.149829269599318 0.02291612019572603 0.0 0.0 0.0 0.0 0.0
0.9998202947995539 -0.017447864451407002 0.007412835693469663 -0.009689196678771966 -0.1342317476163266 0.9909025973321428 -0.01629409631287125 -0.9907963514052482 -0.1343766812635092 -0.021349769405626662 0.1501215491170217 0.08212311455397317 -5.808420411312909e-10 1.6450633581521377 -4.6411052778694284e-10 1.6454951673794147 1.6394187179115205
0.9981188973955852 0.06124046412063918 -0.002876146051573797 0.013993784825131916 -0.1818990718778599 0.983217626792889 0.05968953549902347 -0.9814083417233939 -0.18241388693750527 -0.03604453319183697 0.1688385139762628 0.12537823210550836 0.0 1.6687 0.0 1.6687 1.6687
