0.8957978030901723 -0.4441144436563325 -0.01756863439903865 -0.025069394938589767 -0.08995198956469942 0.9956305363993038 -0.443754235378361 -0.891443212161705 -0.0917124750216005 0.04154355696905047 0.14165704718919206 0.03510348293660945 -1.2629239876105203e-09 1.3335127967927773 -2.3078339239646084e-10 1.3331189753460633 1.3324707710359522
0.8962981437757246 -0.4430612210136725 -0.018611606541739212 -0.024812361527462773 -0.09201025594225182 0.9954488733816881 -0.442757251978577 -0.8917571795255227 -0.09346201680395991 0.04195598863484429 0.14125762736485603 0.035439143997391565 -0.005533826749556603 1.3474388553179866 -0.003711900240626953 1.3484576291781911 1.3333740416973248
0.8979591097867186 -0.4396082882871116 -0.02034674471063544 -0.023051716637748076 -0.09315642211797973 0.9953845987246486 -0.43947474957168703 -0.8933456407726253 -0.09378438356917673 0.04073516105158709 0.14141617868909714 0.03581766600838304 -0.002401455229547267 1.3453443722681717 -0.002592585144540749 1.3446915145354685 1.339628591999353
