-0.025339776403591974 0.9995487199737658 0.016132331840814997 0.9996440645108874 0.025200882136214995 0.008755559817022928 0.008345059614456318 0.016348453699442347 -0.9998315298297351 -0.00549582295581426 -0.017604307799388763 0.29457175822663006 -1.7922037633510968e-05 1.4251526981547613 -1.0769955594014391e-08 1.4308951352694397 1.4220742877457084 1
-0.0068261734961087275 0.9999445416534218 0.008019786339361883 0.9997040809056243 0.006636834055915644 0.023403056517370954 0.023348532631453374 0.008177166455578064 -0.9996939431509603 0.0005103073349048215 -0.015358599416393198 0.29816057147825126 -1.7920364776102815e-05 1.4292499189638717 -1.215417189115442e-08 1.4305301398694494 1.420563528470339 1
-0.016156510147890286 0.9997375901515642 0.0162393970880749 0.9993895259235065 0.01564345398448674 0.031238723114496943 0.03097648550481603 0.01673419210414125 -0.9993800198925292 -0.004676826468182381 -0.016825786162169926 0.30811873463572564 -1.7918571326269728e-05 1.426422846553959 -1.3593732361982802e-08 1.4300762686773405 1.4188956905203165 1
0.00519284990942645 0.9990217212390529 0.04391622481929185 0.9999504108628529 -0.005560847437153495 0.008261524737740274 0.008497654089792122 0.04387114619361021 -0.9990010572600156 -0.0010286641511150028 -0.02125128486281283 0.3080379404624495 -1.79175120020858e-05 1.4257888562420113 -1.4354855082387985e-08 1.4240291051491187 1.4190681767148847 1
-0.0024720350985149887 0.9989673199955972 0.045367197657401395 0.9996010478260967 0.00119205309978828 0.028219216756970388 0.028135995227489358 0.045418857209547914 -0.9985717266087287 -0.004680486691582939 -0.022991918217977747 0.3171410588095277 -1.7917252717936094e-05 1.4349539800819926 -1.3971287238234709e-08 1.438123247786944 1.4280832603965203 1
0.005925626309580404 0.9982877208012855 0.05819375782859994 0.9989890927241534 -0.008502968532051309 0.04414172792625532 0.04456096465531029 0.057873361951052 -0.9973289298949822 -0.007202455657840031 -0.024573843145414498 0.3222354084632073 -1.791695562403106e-05 1.4407857577063288 -1.3669867016119497e-08 1.4408422616967673 1.4307161288969477 1
0.04909863938149618 0.99767585498053 0.0472462908571079 0.9982554275490865 -0.05057035814154611 0.030475239887918178 0.03279367286041912 0.045667573466349254 -0.9984182729467741 -0.0024338774303693197 -0.0226360556869821 0.3253752286886232 -1.791652943072819e-05 1.4432379442212113 -1.4175668638927164e-08 1.4319030090833298 1.4298174318023475 1
0.024382545731744178 0.998233503259084 0.05417900363365387 0.9987754953568898 -0.02665773508693218 0.041675832740739854 0.04304650204416825 0.053096498294435766 -0.9976611451442972 -0.004660715767283172 -0.024098436489024766 0.3255836179879508 -1.7915813989688445e-05 1.443492574334555 -1.4875088716337359e-08 1.4394132958344237 1.4332753936362677 1
-0.01859268229586749 0.9990231716427856 0.04008758767790877 0.9976481598308297 0.015891623771757717 0.06667537386513984 0.06597318660792581 0.04123298212215545 -0.9969690967297381 -0.0029796628053751044 -0.021991928196893495 0.32906818093998225 -1.791479706891863e-05 1.44290990455994 -1.5263920793984198e-08 1.44863839769455 1.4364027429619544 1
0.0877654672392281 0.9956862253521 0.030102548137443386 0.9925203211776304 -0.08998074121116949 0.08250380755178764 0.0848565543121676 0.022636405526842387 -0.9961360139735391 -0.0024126035978451286 -0.019060306786299303 0.32553277590775187 -1.791422025032574e-05 1.4420621868148276 -1.7862430645720906e-08 1.4279727778508144 1.4283023478824228 1
0.06239627500537148 0.9976999894001312 0.026484637366446146 0.9943199082910459 -0.0644336392222658 0.08471260893551241 0.08622427060602034 0.021048450953763613 -0.9960533810348252 0.002806983761697219 -0.0192443401631055 0.33160348884323493 -1.7913230279553716e-05 1.4520283902953848 -2.1026496987985865e-08 1.4512573341308457 1.4438018030789204 1
0.06241112234625303 0.9979307350901689 0.015462851285447296 0.9932414559739395 -0.06362202847512338 0.09707547387202911 0.09785837696512985 0.00929975564761848 -0.9951568984851812 0.000908165193390981 -0.016821405578562404 0.32840101397425026 -1.7911996397224073e-05 1.446771566874812 -2.3945914584544425e-08 1.4472167820613855 1.4395093813771789 1
0.0914744506688844 0.995727277389005 0.012633840995717295 0.9889326821817586 -0.09232384007694391 0.11613982377393131 0.11680999523850162 0.0018701916816511576 -0.993152519704529 -0.00020668842059926723 -0.016530801990141453 0.3280406825345749 -1.791022053687641e-05 1.4470680937213425 -2.5580022544602343e-08 1.4626657271474874 1.4465298429459699 1
0.09740891605452222 0.9950404364167346 0.020150259766997924 0.986246946918641 -0.09922480731667531 0.13217941332381528 0.13352326676179846 0.00699767879822371 -0.9910209734030327 -0.0026434657222001237 -0.01712175353666695 0.31848995588836526 -1.7908737151905996e-05 1.4388173602703018 -2.5574648176984738e-08 1.4511455661005934 1.4386981461326718 1
0.07969734731354883 0.9968170767844694 0.0020120293359025434 0.9845188329961307 -0.07902986958267696 0.15645110159305828 0.15611214016571529 -0.010487857007512525 -0.9876836561107356 0.0048544693816101325 -0.014809419109137828 0.30991036176300824 -1.7906552396418363e-05 1.433245731695333 -2.558960066068039e-08 1.446445907927945 1.433373591733318 1
0.08077610887824817 0.9967268422979983 -0.0032896925617213794 0.9814710555952201 -0.07896354764099277 0.17458329007311468 0.17375208563724936 -0.017330896878405114 -0.9846369141719684 0.0071454252689527094 -0.013866503514857936 0.31041341007590795 -1.790402587964479e-05 1.4346413010740147 -2.5587121754711006e-08 1.4494674429759016 1.4346565233201858 1
0.08944442713515333 0.9959776869539868 0.0053048604364781295 0.9872373862380164 -0.0893616162435415 0.13182126063830388 0.13176508516444663 -0.006553520590360692 -0.9912593069926142 0.005527233119909164 -0.015433769308311196 0.3087388282309387 -1.7901349291804536e-05 1.4361706576974989 -2.559498746279587e-08 1.451626489584421 1.436284582858204 1
0.12063924481016373 0.9926473458438254 -0.009870126688257198 0.9852648795306034 -0.11851586172679675 0.12331710215010924 0.1212406275766464 -0.024601571258024518 -0.9923182316759362 0.005904280555989438 -0.012704873731999466 0.30667168368874076 -1.7898215426193076e-05 1.436163917120468 -2.560091783010421e-08 1.455197368076166 1.4362050722620605 1
0.11011745021841908 0.9938275845738892 -0.013449137423006807 0.9819672926299493 -0.10669129825397965 0.15606794379976924 0.1536697216838814 -0.030392417095540247 -0.9876547562892052 0.003909267360676719 -0.011666197550612795 0.3013772704204555 -1.7894711738186686e-05 1.4348844990862064 -2.559063894125302e-08 1.453597722571149 1.4349269197417174 1
0.10835813261275977 0.9941098944959637 0.002008173772288232 0.9803747768624522 -0.10719522835455932 0.16545234936352768 0.16469308421598186 -0.01595934469951769 -0.9862157407627347 0.0029565295032559676 -0.013642994543408976 0.2962983618669277 -1.7892525104201695e-05 1.4383738472565417 -2.5588311025614985e-08 1.4512776525009699 1.4374840975581975 1
0.131290392608553 0.9913439523405698 -3.1088099126779564e-05 0.9828984638029216 -0.1301678145634662 0.13025724511760603 0.12912568552595974 -0.017132081296473287 -0.9914802313348976 0.008122405657933809 -0.014000912905863083 0.2980041345888604 -1.7889854443176034e-05 1.4347496105737392 -2.5592743924107708e-08 1.4519224187712991 1.4347633135097775 1
0.1315232954367241 0.9912644951486035 -0.009814449309496546 0.9816208913161794 -0.12884993654968355 0.14077684320502554 0.13828249523744504 -0.028149502818469428 -0.9899927055296818 0.006633276760690431 -0.010623163509262679 0.29304644607919034 -1.7887581727826785e-05 1.4313801040046714 -2.5589149466043182e-08 1.4432547575210366 1.4273180046217906 1
0.154866169192729 0.9879348150016272 -0.0011273629717545048 0.9768419631352725 -0.15295655361437258 0.14961307350776817 0.14763552654288972 -0.024271259013792908 -0.9887439796470516 0.011743065768893897 -0.012580642071827103 0.28943440326212244 -1.7884002877721628e-05 1.3944951312523788 -2.558148626263801e-08 1.4103463044451 1.3939525588584498 1
0.1592139467783704 0.9872028895680207 0.009020752729382596 0.9808832238592783 -0.1592170855760149 0.11188396137118613 0.11188842792122591 -0.008965182052271089 -0.993680333511782 0.009065606125519775 -0.01615223614228864 0.2842906989552936 -1.788068014008104e-05 1.3687851638460824 -2.559057588058522e-08 1.3839302973701226 1.3684100121409548 1
0.17154830155343942 0.9851740390468978 0.0018146686065769351 0.9735627051521841 -0.1698078333307267 0.152777481574626 0.15082055354258342 -0.024442023802165185 -0.9882589478985572 0.010611986583199319 -0.013262937388183127 0.288780580169845 -1.787574695910621e-05 1.3956462296265784 -2.5589931951230938e-08 1.4129520018084953 1.394746479571685 1
0.1938856197541302 0.9808852471267099 0.0165075262147364 0.9713727966744277 -0.19430549696470228 0.13667576131194878 0.13727074099551428 -0.010464502781949832 -0.9904782874187947 0.007055929639279066 -0.015656138742599635 0.29583476808699327 -1.7871976202954443e-05 1.4413933291644323 -2.558924272477725e-08 1.4572394737767889 1.4411376432735583 1
0.19514556813048592 0.9807739080683426 -0.0008651539631773111 0.9707665670715174 -0.19302855397904048 0.14266131082021422 0.1397514919248127 -0.0286795850930725 -0.9897711866404671 0.00659629593430254 -0.012353648979909593 0.2894966682120972 -1.7867450239350546e-05 1.3970067567476017 -2.5584962592972715e-08 1.4117092682997683 1.3965253312936063 1
0.1680308731121062 0.9856398224130832 0.01672621160601539 0.9788676239439714 -0.1688343856527166 0.11538251607394263 0.11654956231349448 -0.0030150779054118546 -0.9931803002626245 0.0126132617464982 -0.016703122421129146 0.2993466434605522 -1.786395831171461e-05 1.4403170939698953 -2.5591685215431426e-08 1.4583795807358308 1.4402608973316902 1
0.19282313385814304 0.9808858397171025 0.026119121187349926 0.9728989665769024 -0.1945795976031384 0.12492550192092954 0.12761990394417363 0.001322739231874516 -0.9918222675853795 0.014085097167984003 -0.017792246243238385 0.29558267770195246 -1.786056027608396e-05 1.4406303960347504 -2.5589768526401713e-08 1.454757778804657 1.440447490055556 1
0.21234474666137343 0.9770608816111475 0.016178448336119134 0.9693806536546166 -0.2127073988005255 0.12270578965828136 0.12333230268451699 -0.010372854995686919 -0.9923112147878674 0.01410289358213002 -0.015921288483621815 0.2978916058727084 -1.7857074259275407e-05 1.4404210016113526 -2.5590978225409344e-08 1.4577673252559817 1.4404590123500842 1
0.2376600509216419 0.9712697320927445 0.012361541829843274 0.9607901216359584 -0.23692899657154481 0.14403816421476942 0.14282871686983178 -0.022355270163638807 -0.9894949214287198 0.01477624754572248 -0.014242875570498054 0.29919743639801444 -1.7852521865258097e-05 1.442285180262819 -2.5589288910055075e-08 1.4581886930351189 1.4423820024178644 1
0.26299703457291335 0.9647440773594574 0.010070998247581422 0.9545666098260741 -0.26171028612421854 0.14251425732864542 0.14012546953002342 -0.027867388407036706 -0.9897415124426993 0.022188451153984424 -0.013314493772325714 0.30428808075858743 0.0 1.46726 0.0 1.46726 1.46726 1
0.29430629140155723 0.9556732612386415 0.008510264094663583 0.9486523259702208 -0.2932012466989 0.11870885967568187 0.11594210310647139 -0.026863482419634332 -0.99289263369185 0.019064695005494604 -0.01386834803217607 0.3068952710760425 -1.7843304199516297e-05 1.438146463630063 -2.559045864103382e-08 1.4547460764776128 1.4383577114165584 1
0.28670318156245556 0.9576985713912246 0.02479379029461283 0.9529699174112342 -0.2877501825985618 0.09512186354209137 0.09823249050691724 -0.003644004624298699 -0.9951568213297374 0.011151379711502762 -0.017372038008935553 0.3072319858350132 0.0 1.4679700000000002 0.0 1.4679700000000002 1.4679700000000002 1
0.30386745265190873 0.9525504445890958 0.017669797167940243 0.9454122554915173 -0.3037784774461321 0.11795890728110155 0.11772951365431605 -0.019138629878490996 -0.9928612564004561 0.015353063964529859 -0.015214950291824014 0.31527693451276795 -1.7834293092988673e-05 1.4366927183404652 -2.559323863948748e-08 1.454937117077706 1.4374554202966365 1
0.29742404310516296 0.9547322324517938 -0.005030198862064406 0.9478000220051584 -0.2946219336473731 0.12195505114960939 0.11495241132746707 -0.041039986982168736 -0.9925228776197071 0.009197118658169155 -0.010643096125486196 0.3185655672944068 -1.7830734747370514e-05 1.4436894287819069 -2.5588018814914903e-08 1.4575616879136497 1.4431408140789417 1
0.298614060938714 0.9543345288072704 -0.008674660563685077 0.9491940569234675 -0.2960353401148414 0.10674136828923855 0.09929896732020246 -0.04010840970788265 -0.9942489781537851 0.017124091556757134 -0.012146842707665834 0.3101872989567427 -1.7826557673572552e-05 1.440172796290887 -2.5593169361570745e-08 1.455673375495147 1.4407597347455772 1
0.28513924980099564 0.9584849536341936 0.0014838732369846519 0.9507990348057198 -0.2830477689088773 0.1259569606183742 0.12114785856727843 -0.034504408016437726 -0.9920345972757189 0.010994441817423144 -0.011790041663031603 0.3180972007834299 -1.782351816359551e-05 1.4396127114178139 -2.559380085642715e-08 1.4529923962389528 1.439188830948912 1
0.2849849924935187 0.9584960153869523 0.008303164505440812 0.9543348645499152 -0.28453623092608143 0.09101702914770832 0.08960201090357385 -0.018014487994806507 -0.995814720650544 0.002579427287466643 -0.015101309684350528 0.3206417229471033 -1.7820307744109698e-05 1.4456590066178183 -2.559617495734301e-08 1.4627876042185646 1.4454180279629982 1
0.2885914161168125 0.9574025898319998 0.009760918331409539 0.9536484881084697 -0.28833777703911967 0.08611554714782353 0.08526168935766497 -0.01554372269176557 -0.9962373397001131 -0.003339415549496891 -0.015548858886064637 0.3168077590967987 -1.7816708833606754e-05 1.4398842662176818 -2.559537737312212e-08 1.4547899141884457 1.4397633929723241 1
0.32496861294302853 0.9457246849276683 0.00047002164493782595 0.9420032241680915 -0.32373381730119677 0.08846661060827507 0.08381721934545956 -0.028306109836181936 -0.9960790319483376 -0.0009278233931821339 -0.01413140097598023 0.3112773374667813 -1.7812343145351406e-05 1.433688036313515 -2.5598698272233378e-08 1.4476808683830926 1.4336766782701416 1
0.30900878913884877 0.9510514918723014 -0.0038246623919301562 0.9474785984290917 -0.30749430192936733 0.08792928863476004 0.08244921924303669 -0.03079470877343798 -0.9961193764593542 0.006815452058088339 -0.013645711765980395 0.31104903783026167 -1.7807577141759623e-05 1.4384748064476325 -2.5598880348809416e-08 1.454004740552084 1.4385440091437456 1
0.26798841919227706 0.9634185607288076 -0.0026237419952318637 0.9533154050968314 -0.2647826812821228 0.1451890839495661 0.13918313685173497 -0.04141024675467305 -0.9894004476852778 0.008414118112834025 -0.011069879099256164 0.31412640990659396 -1.7802954097589918e-05 1.437499010430165 -2.5593581476357485e-08 1.4531827251589347 1.437236238067471 1
0.3089637591158728 0.9509062838598106 0.01785034646481987 0.9391293935796254 -0.3079949887939943 0.15223360007748657 0.15025770418768444 -0.030270880292990188 -0.9881833312389628 0.006830682744389187 -0.013436106785358282 0.3139271565925759 -1.7797790007101355e-05 1.4362673827125496 -2.5588111185470552e-08 1.454598069494435 1.4365660993967966 1
0.3354309998400215 0.9415747761241928 0.030380673346715174 0.9319213973477957 -0.33636641997150063 0.13557337747835416 0.13787151087754013 -0.017163114001615246 -0.9903014056367446 0.010494616021413584 -0.015657069011362823 0.3205148966654896 -1.77932551848059e-05 1.4432664055992381 -2.5589169894146835e-08 1.461043553553404 1.4436769660992619 1
0.2829183246180711 0.9586565698967275 0.030574541519774838 0.9533343320068834 -0.28456495220510025 0.10087833956552889 0.10540812593103485 0.0006074292960389707 -0.9944288602093952 0.007432533442740447 -0.018374644803104828 0.3155104630667365 -1.778910307503878e-05 1.4389249166923683 -2.5595833896829845e-08 1.4560474535810837 1.4388119738202025 1
0.3202005917639332 0.9471605906708124 0.018931363240521953 0.9397148950508855 -0.3200885606442387 0.12032966950923941 0.1200312336582868 -0.0207395473628797 -0.9925534615937082 0.010839405426218654 -0.014819473305202946 0.324728658938809 -1.7785237409029264e-05 1.4485674562600837 -2.5599957709232513e-08 1.4659883942730731 1.4488586910674837 1
0.39898646829563844 0.9163489265199928 0.03338327399507886 0.9064613679792913 -0.3996507701554888 0.13640766208404934 0.1383386658822655 -0.024164163130173028 -0.9900901508156382 0.01318627466260281 -0.01507496822605578 0.3194199104385078 -1.7781809127370707e-05 1.4357098677490905 -2.5589249830204608e-08 1.4540454689751607 1.4357962566145117 1
0.37163588509851075 0.927893392347855 0.03001035395053543 0.9193090787164632 -0.3723203930749089 0.12746898716955932 0.1294510977030881 -0.019783259027148198 -0.9913884384870192 0.012253580249710058 -0.015292582114269954 0.3230433232124972 -1.777696720051125e-05 1.4389050171855935 -2.5587072904897923e-08 1.4565056212638101 1.4391197037663588 1
0.3904898871910226 0.9199487674859724 0.034812543753405645 0.9131631255860083 -0.3918544877527413 0.11217471416513124 0.11683644153916439 -0.012013560216567729 -0.9930785066143505 0.022752414199517318 -0.01762803221806933 0.32218067169378695 -1.777457147333905e-05 1.4459909115022977 -2.5588433594236903e-08 1.4630254122222803 1.4461188570354695 1
0.0040406279703747916 0.5067676918353513 -0.8620731870540204 0.12156447097968416 -0.8559354610411178 -0.5025898585603968 -0.9925753133747763 -0.1027666922898667 -0.06506346313227836 0.42993389467892273 -0.032368024776798135 -0.19272969796372239 0.0 2.82585 0.0 2.82585 2.82585 0
