0.9997177670292734 -0.023754585488990444 -0.00032550614393818265 0.0002748425762785938 -0.002136024745515218 0.9999976809272334 -0.02375522568955642 -0.9997155380739727 -0.0021288931174315213 -0.00960175722939327 0.20971043497256348 -0.052145598074637006 0.0 1.45383 0.0 1.45383 1.45383
0.9882738578687174 0.1526914975112813 0.00029739039117889816 -0.0003470246736567986 0.00029841250968326604 0.9999998952619196 0.15269139277365396 -0.9882738575606139 0.00034790099927498757 -0.039936677820059094 0.17605141642524239 -0.05259808585857988 -1.3187753111765232e-09 1.4196859683982614 -1.6846080086452275e-10 1.4191476412673012 1.409956042549549
0.9883530067829088 0.1512237292377054 -0.01702109569399976 0.015964216614202522 0.008200252284862278 0.9998389368545113 0.1513389499470574 -0.9884655479974532 0.005690575631363812 -0.03981251151945344 0.17659212008823788 -0.05163383067632188 -6.549134567990222e-10 1.4164282296546054 -9.180451954193813e-10 1.421533110122616 1.410792440423859
0.9872428100879641 0.15878691623115898 -0.01176219211792727 0.01108492451747458 0.005150307288323754 0.9999252966013401 0.15883563321264535 -0.9872994427065349 0.003324462859356304 -0.04091945610806222 0.1758766659583854 -0.055980822243130945 1.35728850381156e-09 1.4138956504675964 -2.8516087269281343e-09 1.4172170524057988 1.4079264890016434
0.9774942480843688 0.20973397446109263 -0.02273004440665505 0.033867340896011 -0.0496638235591854 0.9981916188037824 0.20822583457056457 -0.9764963720292236 -0.055649233877529784 -0.04878675718521543 0.17197048485225927 -0.05293203467340428 2.1303838693143007e-09 1.3970928049881328 -3.4425848838282036e-09 1.405390629125736 1.3918232860598883
0.9793965248583315 0.20194387100461844 -0.0010583284432910533 -0.001396875925503865 0.012014954617131928 0.9999268421255613 0.20194181298847594 -0.9793233959368164 0.012049495330058987 -0.047892311182369716 0.17230856406410006 -0.053614297329528326 2.0679955525793048e-09 1.4047436775209974 -3.0873943401843462e-09 1.4040254225048105 1.3967003277519163
0.979032981738075 0.20223933829682214 0.02436535889983006 -0.013056097655653173 -0.05706714348915648 0.9982849690584317 0.20328295300654217 -0.9776720263867896 -0.05323015909884545 -0.048043610262703505 0.17450576413675495 -0.058703493974517726 2.41217446017572e-09 1.4082290785829121 -3.2133096183883936e-09 1.4039621713957704 1.3962910396359733
0.9783712927538845 0.20632354074562673 0.01483947604467694 -0.020603740161708947 0.025817361169495616 0.9994543259967373 0.20582783924056927 -0.978143169682451 0.02951000164566002 -0.048462888254724036 0.17180598507986924 -0.06457138099271964 3.094423384197853e-09 1.4067578453548366 -3.718628960314163e-09 1.401619241268242 1.3956574443032954
0.9821721051248067 0.18682571635383502 0.020835249544510465 -0.0022738173629452962 -0.09902019578450486 0.9950828259905795 0.18797017228620508 -0.9773899695288849 -0.09683006658584759 -0.04555147063619587 0.18136828991249554 -0.06667751645072402 3.375027368690553e-09 1.4089381120560773 -3.938986914420184e-09 1.408226881426037 1.4016365074923094
0.9795196251827493 0.2013398500197154 0.0018890939322324107 0.000754535699037634 -0.013052632098538176 0.9999145260826942 0.20134729836212148 -0.9794344764144962 -0.012937227405287197 -0.04780928583138662 0.17327876663750252 -0.06405141251503098 3.795819658591881e-09 1.406434825523311 -4.176531120947402e-09 1.4062965267139793 1.396958775934241
