0.9839029379553801 0.17820416230666264 0.013352348832768316 -0.007665676382393965 -0.032561498123699066 0.99944033651116 0.17853920042492546 -0.983454638189541 -0.030671298229897632 -0.04440736322450695 0.1800115930706369 -0.043783806164549896 2.1169772592699587e-06 1.4147567871015267 -1.784980163677119e-09 1.4121180825173454 1.4063146389021686 1
0.9843000646930139 0.17630228528252948 0.008419432848266767 -0.0024071940644290607 -0.03428802111801514 0.9994090939272801 0.17648679288282473 -0.9837387030161863 -0.03332530758998035 -0.0436217480966748 0.18290807529102457 -0.03993064889876183 2.117815313340543e-06 1.412992506386348 -2.5380808565955704e-09 1.4120755455998042 1.4034081723584384 1
0.9872547833901718 0.15535068009439587 0.03455660381799018 -0.025439402840363293 -0.06029808755700978 0.9978561907509984 0.15710133499226087 -0.9860173968197397 -0.05557754683749157 -0.0401405491679977 0.18700157352977256 -0.03779087540620962 2.1182797400598474e-06 1.4180362122934795 -3.141776616644165e-09 1.412448435076663 1.4066539406484662 1
0.9870087574114016 0.1597191573049083 0.017421354224363195 -0.011026316048262964 -0.040838496119449855 0.9991049182088463 0.1602876575023935 -0.9863173972026 -0.0385468394020024 -0.04073648865478889 0.18401468972337906 -0.04498093923933652 2.118737236322943e-06 1.4183566114396502 -3.6106451162254416e-09 1.416219320967195 1.4082202540068298 1
0.9969491447117935 0.06909829989409717 0.036301898162063514 -0.03380879258985524 -0.03691467726946234 0.998746350254011 0.07035174768290811 -0.996926643015341 -0.03446592584167122 -0.025720639638252094 0.18751282276628584 -0.03422932200913398 2.1193467434343916e-06 1.4263753981158418 -4.742887860231804e-09 1.4179677962092567 1.4137007525839405 1
0.9979793391576733 0.05323183360300889 0.0346930901718978 -0.03223151279453489 -0.046424392056130206 0.9984016753818046 0.054757357472668376 -0.9975024549912046 -0.044614841579121635 -0.02296195157586535 0.1888788133393441 -0.030526399418760827 2.12028226265204e-06 1.4306737677496235 -6.197266699814463e-09 1.4226452541913144 1.4175909903491135 1
0.9986590735774995 0.035235191251311505 0.03792803789829172 -0.036692169915357745 -0.0350832449046606 0.9987105940130315 0.0365203974270991 -0.9987630586002083 -0.03374334523018764 -0.020177457782704133 0.19369503934250673 -0.03131631515064885 2.121166660984386e-06 1.4275957101999746 -7.785690314676685e-09 1.4189127729933864 1.4154584726196502 1
0.9996549458990819 0.014056841593931235 0.022189960430491082 -0.02140873576459669 -0.05348021510921351 0.9983393874954718 0.015220222484093783 -0.9984699653951915 -0.05316082233430283 -0.016719585409610847 0.18550785758533397 -0.03306805465065191 2.1222029777945295e-06 1.4278919858228445 -9.187270499921851e-09 1.4233541368566405 1.418639073823198 1
0.9999186758368892 0.00034312219243422937 0.012748489312984166 -0.012694874476713016 -0.06863852254563554 0.9975608218974786 0.0012173227274280155 -0.9976415365700817 -0.06862858468206921 -0.01440940121159642 0.19231362019084491 -0.03660593394113501 2.123621422711608e-06 1.428457211856089 -1.073965805176158e-08 1.4255530261117872 1.4184182286136178 1
0.999855348510611 0.017002632868885093 0.0004387826913383947 0.0010069005286529068 -0.08492521014646928 0.9963868198811661 0.016978463006105966 -0.996242249233139 -0.08493004554835909 -0.016983517197467195 0.18707902010272714 -0.03661419048795267 2.1240577723347087e-06 1.426650321454697 -1.1187328396999874e-08 1.4268839601813 1.418046809707171 1
0.9989469043375677 0.045835169182992734 0.002054161716264261 0.0009532450657018525 -0.06549537169802964 0.997852417750231 0.045871272472374776 -0.9967996255778305 -0.06547009095504436 -0.021769730097080175 0.1850710575497489 -0.03337646411868031 2.1238240908161288e-06 1.4288250946147514 -1.1136645383658106e-08 1.428960617468733 1.4210057332020751 1
0.998793012632683 0.036887815431398505 0.032431573949286904 -0.030307149097780293 -0.05676119329151289 0.9979276745584764 0.03865222671068125 -0.9977060970089451 -0.0555747187260854 -0.02060107237358736 0.18478763969120116 -0.0321212082064261 2.124302476147477e-06 1.4282745533132433 -1.1779015984814123e-08 1.4226071087121737 1.4198770678778256 1
0.9968415580811772 0.06872165614276518 0.039802538352303525 -0.03423631319927889 -0.08035654859799359 0.9961780463129768 0.07165739976312238 -0.9943943679820466 -0.07774997096317289 -0.025907780791659413 0.1925518960778249 -0.03728093405609359 2.1249631236841537e-06 1.4281427692344115 -1.284107753463104e-08 1.4199032965554288 1.414994901806958 1
0.9993076220664858 0.026817828247209824 0.025789156014272775 -0.023559116792850488 -0.08038369246162679 0.9964855392840257 0.028796605629243483 -0.9964031644240888 -0.07969623221894535 -0.01877512697798753 0.19548127017235428 -0.04176074881192832 2.126239861510726e-06 1.4304871219814892 -1.4420169947015893e-08 1.4245266592365917 1.41841970072187 1
0.9992147408285604 0.03426581575021831 0.019893606558012533 -0.017203779146666456 -0.07707970821883155 0.9968764961438165 0.035692179731499074 -0.9964359349460816 -0.07642967914457367 -0.020001866385254335 0.19674541727098485 -0.03861692456571034 2.1274998269760204e-06 1.4260897306685818 -1.5786432605580103e-08 1.4226040381609062 1.4169700038784905 1
0.9999982508796155 0.0018404231833678455 -0.0003332869872799595 0.00043037306560834467 -0.0530062315791465 0.9985940888032546 0.001820169424577527 -0.9985924855797202 -0.05300693093343378 -0.014509905037961832 0.20911557350869153 -0.03303206511031981 2.1275158914590975e-06 1.4350787151882072 -1.604856336712146e-08 1.4316917746965618 1.426016654130783 1
0.9995712960194165 -0.026398126117731745 -0.012663455750158956 0.010942636901839602 -0.06434207870057666 0.9978679048882791 -0.027156635868575533 -0.9975786865435534 -0.0640256298863234 -0.00927494651314811 0.2109960756552373 -0.028566343327041235 2.1276276784831794e-06 1.4354898297028704 -1.624214718276562e-08 1.4352539048180004 1.426889761230993 1
0.998267544967767 0.05754870651774092 -0.012249695594668935 0.016833880047276345 -0.07986082346518099 0.9966638697966416 0.0563784457623748 -0.995143404366224 -0.08069123620208604 -0.025142207063450855 0.20642103893934982 -0.02402432189990747 2.1282691076152105e-06 1.4338366995764193 -1.6793636703482662e-08 1.4303934366590134 1.424996354138238 1
0.9966114082350509 0.08189432223586865 -0.00768251008958859 0.013089397015170574 -0.06569181194435371 0.9977541047418683 0.08120571815782532 -0.9944736828237314 -0.06654115650840808 -0.029479723574911874 0.20607053971575132 -0.023180722533144044 2.128268541845557e-06 1.4369157597648394 -1.6565113725164338e-08 1.4356966625913543 1.4279710387633768 1
0.9959163095713169 0.0902522626330503 0.0022876668166135067 0.005261006289872532 -0.08331318820693327 0.9965095255358145 0.09012783223104194 -0.9924280536947809 -0.08344778065905722 -0.030487831432236448 0.21159242402093884 -0.02809103969596774 2.1280565221104553e-06 1.4432488066489695 -1.633055468630573e-08 1.4405615248515335 1.4319726562121735 1
0.9982350396011895 0.057540353116840165 -0.014693994542019815 0.01932961902090992 -0.0808540694054236 0.9965385016591629 0.05615310802545166 -0.9950636799842371 -0.08182359827891748 -0.024846763743938422 0.21862378655681172 -0.02687343802679973 2.127847796629112e-06 1.4456919472514977 -1.6045254014329657e-08 1.4464915674499412 1.4368946922318209 1
0.999877712246136 0.005225532930525489 -0.014739550842056503 0.015149083995801421 -0.08971698631160195 0.9958520811954215 0.003881469763083066 -0.9959535913749977 -0.0897851770601498 -0.015058563590478798 0.2217984928730054 -0.020738736262198992 2.1274827446404743e-06 1.4458525084710194 -1.565686069682215e-08 1.4468435216083328 1.437413154009569 1
0.9994906731870711 -0.02825996306442374 -0.01482459779059454 0.011512004813054904 -0.1139728477945433 0.993417164997055 -0.02976353401798407 -0.9930818518396151 -0.11358946953640124 -0.008405900522373885 0.22569245291111845 -0.025684409368932848 2.1269457777250977e-06 1.453237849718116 -1.5223647231721316e-08 1.4554173767991267 1.4442091897176192 1
0.9983473671357197 0.05746101101583579 -0.0008756404595256333 0.0080959082146567 -0.12554330202793196 0.9920551071317073 0.056894558644533084 -0.9904226933632736 -0.12580102411221591 -0.025132147568248435 0.22238273384866122 -0.028680173784778662 2.126387152578957e-06 1.4497627648888294 -1.479689348826696e-08 1.4498943663440658 1.4416040738839495 1
0.9998363321779717 0.018091375215522846 -0.00010487950937751738 0.0023413998964398972 -0.12364688998234769 0.9923235180344251 0.017939529074791027 -0.9921613521703534 -0.1236690121092198 -0.01740904017706537 0.2234069917778527 -0.03188691525577027 2.125725846013893e-06 1.4529933623399778 -1.4244932344809058e-08 1.452573519167446 1.4429262441007387 1
0.9982052293305199 0.05988383861391482 0.0004959940190807557 0.006689466351029615 -0.11972971971867646 0.9927839872077036 0.05951110129331167 -0.9909988496910325 -0.11991542325283858 -0.02576097354559085 0.22508356891524844 -0.028782364107999087 2.1252530348903065e-06 1.4538146228289284 -1.3748147509318187e-08 1.454843551323898 1.446119130102212 1
0.9804512321216157 0.19290923153016717 -0.038748029906643486 0.06982098511407522 -0.15698701293971085 0.9851294878369885 0.1839576349839981 -0.968576845768423 -0.16738722284686702 -0.05028008933771714 0.21730709490290917 -0.014330785294001919 2.1253863184966804e-06 1.4631368269085758 -1.4025390626670742e-08 1.4550502844486548 1.4510330890622338 1
0.8734275000357163 0.48597941363899444 -0.030796293615592253 0.0793945777678596 -0.07972491743296353 0.9936500584015331 0.4804382407785853 -0.8703263451484198 -0.10821806567376721 -0.144639961524264 0.20323862419976002 -0.01418994292098033 3.7041415918173245e-10 2.82225 -1.5786607761725288e-11 2.82225 2.82225 0
0.9853307363599642 0.16991297537758607 0.0159034833500868 -0.019104936084014517 0.017223284124542916 0.9996691252115326 0.16958284524549166 -0.9853085502939174 0.02021680776340627 -0.04309513013238398 0.17770231165912753 -0.04299081091047026 6.903597693508345e-10 1.417819218538388 -1.8164252324481822e-09 1.4135838173191866 1.408072419292643 1
0.988609426555875 0.1505034039688597 -0.0003565370248375197 -0.0015731054835684526 0.01270200327764957 0.9999180888712196 0.15049560479961335 -0.9885278875714739 0.012794077906507119 -0.03943467813703448 0.18334268383138358 -0.04488941573469729 1.0855814025489963e-09 1.4192028515753519 -2.127211295999132e-09 1.418684314294505 1.409760032999599 1
0.9861304864807103 0.164949863868888 0.01839037908670687 -0.019616828444348915 0.00580917539896114 0.9997906948571632 0.1648085060763019 -0.9862848452099522 0.00896439814366401 -0.04112541802520489 0.1912116155293263 -0.033203176992614034 1.4299281758667348e-09 1.4153661700704792 -2.8854554301460666e-09 1.410379606239692 1.4049581403829148 1
0.9873505018816625 0.15507286510508242 0.03303623680339558 -0.03152685332754174 -0.01218335034829376 0.9994286485255236 0.15538675604211832 -0.987827906308782 -0.007140277607738373 -0.039776016113177104 0.18617384799109873 -0.050124047703766925 1.8863657302858883e-09 1.418408049543391 -3.7095402305453717e-09 1.4104627854821237 1.404767529655918 1
0.9893464951855024 0.13919137359338082 0.04265294809683121 -0.043162088464829475 0.0006399147050491977 0.999067877888447 0.13903433598761605 -0.9902652937603934 0.006640887751236722 -0.03715056178825191 0.1857779471239806 -0.05430246427892843 2.283575106787339e-09 1.4225401886058275 -4.346877524596948e-09 1.4121799031075746 1.4078663720749747 1
0.983754179058828 0.179479728589822 0.0038395585183020747 -0.0011659699062816914 -0.014999444330888644 0.9998868221873624 0.17951700671097792 -0.9836473167223547 -0.014546498081748611 -0.04445276359215461 0.18082066132686628 -0.05174085844372095 2.48512499467779e-09 1.4110327887002496 -4.463010405686418e-09 1.410518959668078 1.4032130739448716 1
0.9905349991474045 0.13706377051548643 0.007344268250100344 -0.005364031334111591 -0.014811325994153449 0.9998759181969238 0.13715554174694522 -0.9904514866637198 -0.013935922421174161 -0.036958625564228985 0.18500668778756707 -0.055757920729744684 3.1743327966182733e-09 1.4196282739974055 -5.04032460213466e-09 1.4184640423857973 1.4115578136242029 1
0.9918648348148734 0.12685878762035582 0.010535533264015295 -0.005281643830850016 -0.04168062744643616 0.9991170249445834 0.12718590211225364 -0.9910446878416558 -0.04067152572411552 -0.035015848773571834 0.19078948820586497 -0.054402485813328086 3.6393004165802267e-09 1.4206362928809817 -5.4251225733992214e-09 1.4206041043726447 1.4122094250229553 1
0.9961312410230866 0.08241880269650675 0.030490844853488783 -0.02850330488728886 -0.025185372131229528 0.9992763674985583 0.08312708504637636 -0.9962794979285108 -0.02273872773500609 -0.027384993832510196 0.19608377630623144 -0.06103764265923728 4.05886346754869e-09 1.4299742390267403 -6.1846723298231154e-09 1.422868836531415 1.4177955102518025 1
0.9998088120972133 0.002426667679890398 0.019402333280581635 -0.019415174813187885 0.005385233468208847 0.9997970045201506 0.0023216889827763526 -0.9999825551200702 0.005431318053934629 -0.01477274173347623 0.1938236905975664 -0.06340376403235722 5.704614558510457e-09 1.427603397939996 -8.215779168097015e-09 1.4230898774834575 1.4174524285372483 1
0.9990981483366905 -0.04066310363219975 0.012223010807216078 -0.012190750369900638 0.0010412330645254667 0.999925147918145 -0.04067278691723872 -0.9991723714338293 0.0005445802811087841 -0.007629281568093657 0.194114844383446 -0.06201759345087808 7.443162530762493e-09 1.4288921020605123 -1.0058781363397884e-08 1.425905898071373 1.4179648137421337 1
0.9961930404245163 -0.08709736577945915 0.003670842415228831 -0.0025741454273823655 0.012700595567080832 0.9999160307983666 -0.08713667416809658 -0.9961188401724568 0.012428043627314141 -0.0004161285437529194 0.1958831010758428 -0.06758362858148785 8.349058333578796e-09 1.4283208619445453 -1.0960505392176856e-08 1.427818947115929 1.4209433292980975 1
0.9913755662426454 -0.1291834261771851 0.022048334590116625 -0.018446591351928346 0.02901146822970723 0.9994088542626844 -0.12974671450394776 -0.991196235420757 0.02637826687162399 0.007502104430337574 0.18758165472270477 -0.06496168136202939 8.670214768358164e-09 1.425812412830287 -1.1231433560965343e-08 1.4219609738680203 1.4174153245765932 1
0.985242862016625 -0.16980775808530404 0.021490187047407308 -0.014706104612829979 0.041108900677279715 0.9990464397475335 -0.1705292741215015 -0.9846194105232481 0.03800504030316762 0.013584290625191751 0.1958740987135145 -0.06316004269957626 8.893262126719037e-09 1.4127966111454304 -1.147022565817224e-08 1.4084300793405493 1.405353380777461 1
0.9820667392368463 -0.18468031477506172 0.03792230239967592 -0.03528519077172117 0.017546178105661968 0.9992232417963904 -0.1852022542975965 -0.9826420065153273 0.01071503777967683 0.016110922713562646 0.19536733278166302 -0.06544979662638337 9.360563879567962e-09 1.4084480994659456 -1.1990671566763922e-08 1.4007807748386227 1.3998233605629107 1
0.988977526316846 -0.1478363599738104 0.008237906888654126 -0.0031855424968679907 0.03437966981693726 0.9994037675645809 -0.14803143165967428 -0.9884141080402346 0.03352978180386569 0.012064639291446778 0.20743770180479418 -0.06847983914028943 9.300319625538123e-09 1.4307121327735421 -1.2132275628573552e-08 1.4297770213428338 1.4246986252581975 1
0.9889429992698631 -0.14814018230820142 0.006799307377994321 -0.003165564671687368 0.024751064995556783 0.9996886335164038 -0.14826234651939432 -0.9886565992129311 0.024008445124257077 0.01200357465483063 0.2073784554260369 -0.07530698092546578 9.233204423253483e-09 1.4294927803941961 -1.225777523927718e-08 1.4284608757817017 1.4235634325384607 1
0.9881350906264583 -0.15289648962224203 0.014550124873576292 -0.004569511077916283 0.06542663644839831 0.9978469195280195 -0.1535192569065843 -0.9860740432159467 0.06395169313321905 0.013769918723459902 0.2098728309668824 -0.07427475591574954 9.143247936549415e-09 1.4369472280268898 -1.228499435512731e-08 1.4351029972413185 1.4303867610362335 1
0.9913545542905244 -0.12932877957034392 0.022140787300386544 -0.021914215706121426 0.003174862847475401 0.999754813639767 -0.12936736388062153 -0.9915966856644616 0.0003132759705785736 0.009787227447894141 0.21567197790291823 -0.06858202979079746 8.48852010904011e-09 1.4432572851582224 -1.2645841707126237e-08 1.4400043741091801 1.4369232593123913 1
0.9896684079354778 -0.14336766609575313 0.0014678735345265148 -0.0015306809906426438 -0.0003277927602730996 0.9999987747830549 -0.14336700928094165 -0.9896694422230905 -0.0005438563003578242 0.012678981633064107 0.21863173365365168 -0.07209673073107221 8.486011893182877e-09 1.4445943069569545 -1.2652923153666507e-08 1.4441107676124352 1.4374901965446867 1
0.9891894093670547 -0.1464957533179246 0.006580779275381282 -0.004422015995466558 0.015056801910268681 0.9998768616638604 -0.14657679956457415 -0.9890967025402767 0.014246222424135624 0.013547737598135774 0.22254896505331462 -0.05786235574841295 8.711935173266738e-09 1.4482341534234173 -1.2900564172468876e-08 1.4469512302053111 1.4400530402393041 1
0.9830564124173822 -0.18305741186768804 0.009490730497139811 -0.003440047993661155 0.03334274168948481 0.9994380559326473 -0.18327099081651474 -0.9825366382669565 0.03214806974300418 0.020708639884505643 0.22325203610882588 -0.05937576916286785 9.04682639912835e-09 1.452586869796412 -1.328313370407841e-08 1.4515211123369633 1.4413056261153878 1
0.986652591662507 -0.16254006349203534 0.009868694222807908 -0.004803242354475407 0.031527875050953245 0.9994913316070608 -0.16276852345752338 -0.9861981144043911 0.03032634031137065 0.015919945387113547 0.2150913659694764 -0.06432294828462781 9.112770094077405e-09 1.438799234506705 -1.3394064524163696e-08 1.4375370730499606 1.4321953811585306 1
0.9888833838373332 -0.14828203296026513 0.01104951906630048 -0.003716211255135042 0.049641349691001806 0.998760194528578 -0.14864670512437503 -0.9876984231545712 0.048538458500868964 0.012971825326425226 0.21253970249887863 -0.060758873496653196 9.359174768519551e-09 1.4372936046862739 -1.3724598346698258e-08 1.4367759890373444 1.4311377799272664 1
0.988549350489538 -0.15040119415263534 0.012233660293395399 -0.0031342024223693643 0.06059001016307417 0.9981578169025248 -0.15086536521643568 -0.9867666043527719 0.05942482740582102 0.013520917091774692 0.21280910765621192 -0.06709054066341864 9.58253298932732e-09 1.4389040243206646 -1.4149354576886708e-08 1.4385137852262382 1.4325277552491587 1
0.9880799421156391 -0.15312969472494195 0.01579001526920388 -0.006239217690356756 0.06265173595631558 0.9980159478406507 -0.15381514929085477 -0.9862180573154733 0.060949514136913824 0.014985036813943593 0.2230865141871701 -0.07130588931598095 9.532020506242134e-09 1.4504179082477728 -1.4035186346461614e-08 1.4484473671920872 1.4409699461765904 1
0.7653037125711338 -0.6407021104876977 0.06173356576004423 -0.002420890218608892 0.09304304139910523 0.9956591443550116 -0.6436647938293573 -0.7621310898157971 0.06965511553932319 0.15365231769944307 0.19669207787108375 -0.0727504725914935 0.0 2.81761 0.0 2.81761 2.81761 0
0.9955000070121242 0.09457469412534508 0.005946702444049076 -0.007064692656369295 0.011490813445227068 0.9999090215234774 0.09449775741535713 -0.9954514495631941 0.012107246012364254 -0.029875901350223274 0.18487648325880082 -0.04229729233397554 -2.4214408256284514e-10 1.425131324560292 -1.1520588927282915e-09 1.4236981278323944 1.417168246578238 1
0.995487681045462 0.09369636192281595 0.015008952300457906 -0.015179023545895653 0.00110267810821248 0.9998841839659147 0.09366896033864086 -0.9956002088506302 0.002519921756675223 -0.02966382308365766 0.18502185722664732 -0.048789972187579495 6.42907060921516e-10 1.427877239846672 -2.3128308157538413e-09 1.4249186859059586 1.418602351983231 1
0.9937452394050252 0.11155471363780066 0.005093625922397177 -0.006253240890640853 0.010047618071070356 0.9999299687225406 0.11149572251083288 -0.9937074978263403 0.010682351122349687 -0.03425933965706135 0.17879210255934297 -0.04714788758610712 1.1666143606703372e-09 1.4164288346610032 -3.1923308441150766e-09 1.4151808459431514 1.4122837252685132 1
0.9938415872907133 0.11081019493153245 8.409000426364693e-06 -0.0010068812634147044 0.008954697847487961 0.9999593989640687 0.11080562062276846 -0.9938012447595826 0.00901112383152806 -0.0340984544279938 0.17983409511487852 -0.0568904495949942 1.881429234629195e-09 1.4225465030464335 -3.7167504629564974e-09 1.4224176888446847 1.417452593190128 1
0.9950598406815226 0.09816139416467337 -0.014840962182757973 0.011445803024311828 0.03506068829355345 0.9993196394194956 0.09861494337062252 -0.9945527079205154 0.03376394692536714 -0.030473420336383335 0.1875579633050073 -0.06442070182116802 3.024636541226755e-09 1.4196575160433982 -4.912393158917894e-09 1.4225008093101694 1.4125812885602675 1
0.9965894848647575 0.0818895327041274 -0.010173646863185622 0.005397832039845972 0.05833166339857772 0.9982826656085061 0.0823423467376706 -0.9949329231051983 0.05769069643433465 -0.02772995307444492 0.18697910474226478 -0.0684919223484037 4.211217152771951e-09 1.4244713744194213 -6.20533224804376e-09 1.4258053733423495 1.4154846099783045 1
0.9969381483813261 0.0728239027039248 -0.028478193358814234 0.0250059697488673 0.04815499267715051 0.9985268139400076 0.07408798673827932 -0.9961815978400891 0.04618651692686597 -0.02636434252338589 0.18522648790148147 -0.07402228825639744 5.584078976994533e-09 1.4236337777260522 -7.406453228497867e-09 1.4285904589350045 1.41828632890057 1
0.9843666156304846 0.17575823903615656 -0.011463308557984631 0.004909142020348501 0.03768036195209022 0.9992777845262966 0.17606324533192716 -0.9837119658386132 0.03622846821383587 -0.0440313637748081 0.18007750095526256 -0.07077106378583298 6.762586046704655e-09 1.412888001386472 -8.649681859651537e-09 1.4148136227276673 1.4058353147006235 1
0.9838856677513799 0.17878058240706085 -0.0025487541296229377 0.0011138808797771377 0.008125809574528664 0.9999663646784046 0.1787952797553862 -0.9838554134490244 0.0077957273068370424 -0.044347459849372675 0.18043752778569602 -0.07565418310581307 7.0480341562983995e-09 1.4116765508240343 -9.095762365518567e-09 1.4122602954791779 1.4049066342621206 1
0.9827009000228546 0.18277224137566397 -0.029887269476944832 0.03834692261063886 -0.04292685902897511 0.9983420247090675 0.18118624291199695 -0.9822176910219153 -0.049193015998333645 -0.04413960484005876 0.18391387678872567 -0.07190821462878785 7.319488126711349e-09 1.399574337270642 -9.261986733122285e-09 1.4090959183317207 1.3958783093512794 1
0.9827699372400259 0.18261820896181474 -0.028527884828962357 0.02967263960493121 -0.003538714522958522 0.9995534062562145 0.1824357007718375 -0.9831775359796947 -0.008896506549460264 -0.04405616598979206 0.18795954484471172 -0.07811029190080633 7.5688415535069e-09 1.405388259498963 -9.366290854018189e-09 1.4136392278707675 1.3996587558381908 1
0.9890798527129757 0.1473806121814994 1.0501677220497996e-05 -0.003834119899214429 0.02565976994574469 0.9996633812093598 0.14733073162744148 -0.9887469501137984 0.02594463641650948 -0.040127419632407804 0.20217122932226295 -0.08508073372184298 7.779788369077778e-09 1.4270814768341875 -9.447540527673937e-09 1.4276915765342961 1.418390636907204 1
0.9883905464093118 0.151905307577953 0.002984174651313329 -0.009729791023153744 0.04368279722169617 0.99899807026517 0.1516227520372447 -0.9874292839269736 0.04465367071268081 -0.04126620993137192 0.20312186586149683 -0.08762562715296979 7.91777488018397e-09 1.4304339495655096 -9.391354360843707e-09 1.4312590643962322 1.4218255778151478 1
0.9883467048065981 0.1522034573056757 0.002213296667517191 -0.008553356442407609 0.04101305169855152 0.9991219993994432 0.15197904852810534 -0.9874978669215295 0.04183696492242826 -0.041048958937464484 0.20223860445935096 -0.08519059583590365 7.873220297938133e-09 1.427133801278047 -9.145344037619907e-09 1.4278772882101807 1.4182992259174423 1
0.9826403619030555 0.18046755306992632 -0.04300443521295925 0.03668607388354195 0.03820548762944261 0.9985962510935076 0.18185722735718696 -0.9828386454571013 0.030921608205372837 -0.04408905396818127 0.19119036669359857 -0.07402219458111253 8.107055471384683e-09 1.3981882569080462 -9.048880755813116e-09 1.4090208037024397 1.3950983594582471 1
0.988530291383383 0.15097515500265668 0.003790196486706674 -0.008819021522383223 0.03265333339309643 0.999427828648826 0.15076500879471932 -0.9879981084952759 0.033610262315029935 -0.04008842585698895 0.19866904895419113 -0.07528522834174506 8.255817363078677e-09 1.4219827218367813 -9.128486411213999e-09 1.4237767115306141 1.414899948089344 1
0.9876752605456889 0.15625713460221152 0.00901596317163398 -0.01824485057552451 0.05772897098593493 0.9981655630888003 0.15545000847051335 -0.9860279274923258 0.05986836453174474 -0.04266574278474766 0.20674208492800902 -0.06959847686249106 7.725335926522803e-09 1.4364711214732138 -8.57610249482832e-09 1.43637124850361 1.4279963366543882 1
0.981167023812138 0.19306546177190748 0.006082668364416732 -0.018687938874880454 0.06353635273318432 0.9978045363807346 0.1922551230116901 -0.9791265798415262 0.06594776966354064 -0.04990420140634767 0.2102536377620749 -0.06768133606560237 7.4227086699352185e-09 1.4412753501633944 -8.229161352346637e-09 1.4418891628650838 1.431209399845197 1
0.9776944898056436 0.20990566057960397 0.007286855310939186 -0.023479297495146087 0.07475323461704303 0.9969256123219141 0.2087156131984785 -0.9748597681569025 0.07801426303089512 -0.05344613512424372 0.21166560391683742 -0.07399682483453815 6.8708541078876806e-09 1.4440898324557931 -7.615393649018642e-09 1.4418665055945379 1.4341361013555254 1
0.9864119294474051 0.16406158147507693 0.0086777259546727 -0.01991993691216403 0.06700389213246939 0.9975538454401925 0.16307882007564045 -0.9841718731618969 0.06936153487156833 -0.04472317975324972 0.21265594443782374 -0.07615307274618771 6.5702225882091625e-09 1.44245906464384 -7.223436959691298e-09 1.442110051183633 1.433581012454809 1
0.9878371324831586 0.15541577546244856 0.004872004192952126 -0.010975876638631817 0.03844055687932917 0.9992006073451019 0.1551042546787931 -0.9871009372522209 0.03967883385790542 -0.04239784001033699 0.20551313776438535 -0.07385675951776165 6.173622502103626e-09 1.4334518832175451 -6.650442863076478e-09 1.4337406162030213 1.425368762723072 1
0.987407506279185 0.15780484398383557 0.011137672950787082 -0.022633692793717665 0.07124093718249934 0.9972023088721158 0.15656989651283862 -0.9848971317272666 0.07391554248845442 -0.042162705768995 0.20312218753667413 -0.07830245924355014 6.472155256176393e-09 1.4313261312242833 -6.7909056156167935e-09 1.4314318506684396 1.4213816473183858 1
0.9875215573739008 0.15663040548363172 0.016373448013737288 -0.031370118592765686 0.09375855221810211 0.9951006228243661 0.15432786326940856 -0.98319695380122 0.0975021058987969 -0.04155650398875945 0.2022524746870224 -0.0787407874452547 6.635313631875306e-09 1.4298956279782624 -6.799769636245401e-09 1.4293962963720466 1.419915987111196 1
0.9872147032803389 0.15905787676456629 0.010378895233150512 -0.02651312849466962 0.09965294173104669 0.9946689626311729 0.15717564583782634 -0.982227001789045 0.10259597122677644 -0.04310361457971562 0.20714184128713442 -0.0816117915297915 6.478795278042071e-09 1.4388063461628668 -6.4985314907062275e-09 1.4389373093841176 1.430023012102108 1
0.9876237134622778 0.15661872366960228 0.008365166052468107 -0.018809971916106692 0.06532654384521061 0.9976866379909851 0.15570994047746559 -0.9854963308228724 0.0674640376138249 -0.04286026464479121 0.2081449020188066 -0.08546881855782074 6.251119621936141e-09 1.4385488010777445 -6.157788945415632e-09 1.4384088496070255 1.4298072587604391 1
0.9880119173519428 0.15405352330507127 0.009998156221601003 -0.021483157556575136 0.07306875490787834 0.9970954974312197 0.15287552162441523 -0.9853570261653926 0.07550235674836045 -0.04230306231754704 0.2076790749448575 -0.07563587799226351 5.9603726398904655e-09 1.436451258635472 -5.751782161667052e-09 1.436291171798831 1.4281316403848097 1
0.9867861242348678 0.16120004533653312 0.016361246927651077 -0.03433472099107923 0.10935233821925695 0.993409881700623 0.15834857736017913 -0.9808448457883036 0.11344212858778017 -0.04293749451303915 0.2041173177189623 -0.07213485928043617 5.784332124392222e-09 1.4302545466513088 -5.395146551734342e-09 1.430427471890849 1.4228487772776557 1
0.9871672999934982 0.1589777383079292 0.015059898606642745 -0.032985994547638474 0.11073030636256004 0.9933029363776976 0.15624546709344858 -0.9810529435129121 0.11455337636840252 -0.04308553953926572 0.2096676282773766 -0.073881678415051 5.4679887284692086e-09 1.4391218017150145 -5.026724814172212e-09 1.438986008615604 1.4304983138905456 1
0.9868112813229883 0.16162765079473665 0.00894413507592864 -0.02816671771219036 0.11703529160827576 0.9927282490850594 0.15940555532039524 -0.9798873624130177 0.12004426648639203 -0.04352008027381276 0.2066976293940735 -0.07199025008483297 5.154009663499437e-09 1.4358245475319418 -4.580884116478501e-09 1.4367417607805768 1.4280079780555903 1
0.9852733143329406 0.17049627097885073 0.012942860800020339 -0.0331907103943164 0.11645003334823147 0.9926418117713541 0.16773453075292225 -0.9784530705739045 0.12039400266456338 -0.04531301732122184 0.20984521437665637 -0.0770099081478118 4.82248285749165e-09 1.4422402367174305 -4.1920262816574905e-09 1.44254170411289 1.4318068430226525 1
0.9726335170263952 0.22571560179251068 0.05510452489868228 -0.08872306892698785 0.14161812122718437 0.9859373838029775 0.21473765062755462 -0.9638447877368675 0.1577687122196002 -0.056146626565652766 0.2148633321445457 -0.07588766043167622 4.893705884967403e-09 1.4553058132181684 -4.377079143580431e-09 1.4621883546840646 1.4504055743987747 1
0.874662827986691 0.48472450333062134 0.0026633079443485206 -0.0705174768320016 0.1218057236745503 0.9900457823461334 0.4795750439707763 -0.866144053579427 0.1407204876676682 -0.143220981183378 0.20398672510409552 -0.07200300228096337 4.1945140694110705e-09 2.812516358527187 -4.968007338845837e-09 2.8124705919336246 2.81247059165459 0
0.9789015088248809 0.2034699308140763 -0.01875695270790209 0.021117761065056386 -0.00943762982201432 0.9997324498639333 0.20323847123015526 -0.979035708438593 -0.013535339455355727 -0.04809578670876486 0.1737929488380355 -0.03102440772634181 2.240909680040204e-10 1.4008004970495094 -1.1269296606997159e-09 1.4064366536909976 1.395207185130955 1
0.9831514887411488 0.18244623802056878 -0.011248129542492545 0.01682361481181424 -0.02904071456062188 0.9994366427555437 0.18201680189127165 -0.9827868574263448 -0.03162082698670479 -0.04457742669601969 0.18255907552737377 -0.02322522769018398 9.904654874048902e-10 1.4092729564795823 -1.862908938221608e-09 1.413020403864457 1.4023194346105674 1
0.9788300170083835 0.20352247673215318 -0.02168868986771564 0.027569578165091826 -0.026104629839203603 0.9992789733906927 0.20280955639014323 -0.9787222025507383 -0.03116302410012539 -0.048140296916520914 0.17922504791387267 -0.025878001336967077 1.9340271606438364e-09 1.3980828548141302 -2.6773276928793166e-09 1.404908540422901 1.3945510267941446 1
0.9832916775603909 0.18199973049909632 -0.0036844183704873024 0.009856803900519552 -0.03302138555504533 0.999406039361826 0.18176996522346364 -0.9827439575974414 -0.034263589251265984 -0.044915562266704574 0.17899030429751386 -0.02375278916325005 1.4431060790798256e-09 1.4107678210219303 -2.370616591917951e-09 1.4137621019331634 1.4043514346095938 1
0.9821246055316627 0.18822491683558615 -0.0016247742958499234 0.009870982876242614 -0.042881329134543324 0.9990314085696764 0.18797293131281625 -0.981189366174487 -0.043972773391903024 -0.04556765114168793 0.17559612738891928 -0.027532281490849103 1.120146642108466e-09 1.4110285145046166 -2.133812238014343e-09 1.4143218674811893 1.4028154887597912 1
0.9792759514155372 0.20243794334816156 -0.006122913698625408 0.018606193377366347 -0.0598193721384421 0.9980357970959592 0.20167404529883942 -0.977466378864219 -0.062346272084805206 -0.04783279206502119 0.17574117868907332 -0.011897017537787408 2.0164456770999095e-09 1.40274192936503 -2.9893714170725616e-09 1.4073634827116441 1.395891717405708 1
0.9845674915084133 0.17426419709091992 -0.016088638136506253 0.03392497156733835 -0.09986283723534521 0.9944227018946531 0.17168561666309068 -0.9796220716947757 -0.10423361108323131 -0.042343833946475014 0.18699860133543322 -0.021448355010546094 2.3470727583685402e-09 1.404183146682338 -3.0675959550308107e-09 1.4131257610598267 1.4001835142341408 1
0.9867347736308331 0.16132515468733566 -0.018129560745246763 0.0322133512584007 -0.08511822684607405 0.995849982406629 0.15911249639299635 -0.9832238208687214 -0.08918593817357776 -0.04173607434791679 0.19886437595309384 -0.025704393378424173 2.625965223046478e-09 1.4247096441120002 -3.293997963282891e-09 1.4239170485061114 1.4143270024134749 1
0.9873333309810377 0.15783382515298747 -0.016167163371009374 0.029071997219004816 -0.07979912753319231 0.996386931981065 0.15597343527532787 -0.9842360402274027 -0.08337688292263995 -0.04134839116877449 0.19970989221913013 -0.030025327950927244 2.7904585309102004e-09 1.4259826933789235 -3.416259275468292e-09 1.4260084484727793 1.4156539416448686 1
0.9862371969160837 0.1635438247668424 -0.02428186153775115 0.041846251768842276 -0.10482593724022585 0.993609789653165 0.1599533764320242 -0.9809510386672418 -0.11022693457433437 -0.042470647603421625 0.20099971105599712 -0.022873781487749545 2.963433942682059e-09 1.42575646105424 -3.4898324230425715e-09 1.427442553406209 1.4170155154872628 1
0.9868694765219986 0.16000208381503223 -0.022090031327357137 0.04155621869410522 -0.11935888187145965 0.9919811177669878 0.15608240450814406 -0.9798738645832138 -0.12444071885726847 -0.041419769194758926 0.19946072259700373 -0.01873666359923465 3.3420306522202736e-09 1.4272038601399277 -3.81916365199686e-09 1.4266095659541849 1.4165379257635227 1
0.9854979687686979 0.1677852233508009 -0.02533520037205668 0.04390241006712335 -0.10789390618195573 0.9931925711558144 0.1639095236496908 -0.9799015378260822 -0.11369540106358858 -0.043494261528004355 0.20252729502442907 -0.02135824676296927 3.656339231383754e-09 1.4290091017134783 -3.918282587278554e-09 1.4308255859415722 1.4198581125018057 1
0.9836719060187619 0.1774855104435397 -0.029807295952708035 0.0544810224261498 -0.13581403608404535 0.9892352429012844 0.17152667286698453 -0.9747068488449016 -0.14326604381368485 -0.04605914018625797 0.2083107797140775 -0.01559723339053709 3.710413309931937e-09 1.437076851215278 -3.827206995765664e-09 1.4391294776666612 1.429550510415094 1
0.9844543916768119 0.17355218446229512 -0.027003517856087712 0.05263215299124964 -0.1448147324081435 0.9880579688201819 0.16756911165171295 -0.974119259919402 -0.15169792442328428 -0.045278161279012234 0.20760870430492717 -0.013353908940026221 3.2982958586558198e-09 1.4403821716149254 -3.331298792375037e-09 1.441816794354632 1.4310904055863984 1
0.9607132698783452 0.27472369322599255 -0.03945764133762561 0.0817322309629411 -0.1441785893150742 0.9861705617209103 0.265235471800961 -0.9506521060637197 -0.160968064333071 -0.06575938336351395 0.2092906083261388 -0.006809116453861647 0.0 1.4699 0.0 1.4699 1.4699 1
0.9563601703026515 0.27772964270026385 -0.09078254360980974 0.13618964445133253 -0.1488141887449854 0.9794420442131282 0.2585103584054281 -0.949063002541852 -0.18014386418454975 -0.06555107812841154 0.21068155901576782 -0.008630824113725899 3.770162848582004e-09 1.4668055253012575 -4.821330001902879e-09 1.4526210960098282 1.4511809213150713 1
0.914897040057183 0.39212163813365225 -0.09593762036858304 0.13696987034041355 -0.07797266748440926 0.9875016545526879 0.37974025427064695 -0.9166029042244777 -0.12504581261968586 -0.12563398541066223 0.2133174140774619 -0.014767248060303884 3.0030404829517465e-09 2.8072848768759 -5.780852241343837e-09 2.807244834254282 2.8072432154560953 0
0.9996784622783382 0.025356616570088475 -0.00011854507418081623 -2.5650554691159704e-05 0.005686305358435459 0.999983832506016 0.025356880700633147 -0.9996622969420664 0.005685127408045949 -0.018458983679896727 0.18577551711381843 -0.046899380232610366 -7.566551829540913e-10 1.4243323503954608 -3.9910386107067097e-10 1.4243217694374222 1.417533045993947 1
0.998952428524053 0.04575316005874446 -0.0008330009219555937 0.0007135431400463045 0.0026271886443415245 0.9999962943611412 0.045755178964619524 -0.9989493211492093 0.0025917896229604217 -0.02164708545461485 0.18603642368000955 -0.04415288196518463 -1.1403633592976803e-09 1.428018273582424 -1.5587175994369318e-10 1.4280276678159636 1.4198601117812917 1
0.9989791850937462 0.04483273371589407 -0.005532968190273435 0.006709888462202723 -0.026143542720464978 0.999635679920864 0.044671748860545424 -0.9986523625173993 -0.026417677645042922 -0.021568373094280214 0.19093031239795663 -0.04501442794229414 -1.2180674247019851e-09 1.4269969660082449 -1.7712142863501867e-10 1.428306931987155 1.419372015944293 1
0.9990603914735343 0.028215771781755238 -0.032896875406460566 0.03397124088140742 -0.03848256441507401 0.9986816544970759 0.026912617519031453 -0.9988608323779642 -0.03940493064928216 -0.01864239927038689 0.19360868275963933 -0.044849906997434186 -4.988081059309479e-10 1.4186623552356066 -6.304148314484337e-10 1.427480891695562 1.4140389629114614 1
0.9986478931653316 0.04240271983497941 -0.030073157915994082 0.03060105775648207 -0.011855902359731461 0.999461361355916 0.04202333566756122 -0.9990302532605471 -0.013137439991821844 -0.02109285785048822 0.19520002771640318 -0.03978367545986637 1.286542428147186e-09 1.4227967339192125 -1.928421866637109e-09 1.429956521586936 1.4165478904693796 1
0.9994018030884029 0.023990588235843588 -0.024909589714555664 0.025222710608895398 -0.012838838862061505 0.9995994093066553 0.0236611676210032 -0.9996297393999302 -0.01343626637271558 -0.01803094967139548 0.1922108240507944 -0.04101649063975209 2.9839695159239454e-09 1.4239677593414042 -3.360307587740863e-09 1.4297174818033618 1.417542902788341 1
0.9983528325991601 0.04658342211700993 -0.033490393026985386 0.034714361222484544 -0.0257185452337967 0.9990662988790944 0.0456786029356015 -0.9985832670413246 -0.02729329622683992 -0.02177366814979785 0.1851850491081176 -0.04131955076442913 4.409289822149276e-09 1.4244776559511614 -4.429497657554293e-09 1.4310368338484727 1.4203621803270368 1
0.9985394920240406 0.011921360427361364 -0.05269500957331597 0.052846432507889604 -0.012764718613513176 0.9985210646400539 0.011231092536346923 -0.9998474599279026 -0.01337607700939404 -0.016224633586361285 0.18500469976371978 -0.034086345894426426 5.373863132263068e-09 1.4165500795107295 -4.962180888412604e-09 1.4266382118409942 1.4150946731682454 1
0.9989423974433206 -4.338188361733826e-05 -0.04597917689784441 0.04596662439837726 -0.022441985333969287 0.9986908564394131 -0.0010751891041131684 -0.9997481459909201 -0.022416256514153184 -0.014122097938573212 0.18624496339271243 -0.02329990104086374 6.300355792632217e-09 1.4157125229710381 -5.4805591176432245e-09 1.4264797227934976 1.4130887670697945 1
0.9998984772060852 -0.00018917489412932252 -0.014247789085038987 0.014234345436885221 -0.03214571485921981 0.9993818271442467 -0.0006470633166467475 -0.9994831750605155 -0.032139758555643876 -0.01404861751159638 0.18511062200255204 -0.028007432656028175 7.340000607314323e-09 1.4294071263440822 -6.417384845747165e-09 1.431750495069875 1.4226508325536935 1
0.9994775751271043 -0.02049660505071192 -0.024989317706544615 0.024195752492042356 -0.038091602376596416 0.9989812787984202 -0.0214276078783265 -0.9990640214769914 -0.037575771593332266 -0.010581413633812741 0.1874188733904503 -0.03263635842447331 9.170187276197339e-09 1.4253665860637286 -7.909692456564699e-09 1.4305692980460059 1.4185872450212083 1
