0.9997534355055582 0.021961323484532672 0.003281534037799096 -0.0020853018857767166 -0.05427280664009792 0.9985239676519796 0.022107005922980538 -0.9982846100838249 -0.05421362890369032 -0.028921860717530005 0.14169416852602584 0.028874046655021607 -8.588880717752545e-10 1.6333222430294523 -6.266231977747339e-10 1.6330662043792286 1.631298926754286
0.9999217645588686 0.011041496766892894 0.005877934214085104 -0.005546588266315703 -0.02980377352782133 0.999540379595595 0.011211606489811683 -0.9994947825940108 -0.0297401991800422 -0.026778218818001544 0.14141277622954695 0.026362501237885805 -8.75721717363831e-10 1.6461347461912812 -5.314824136348761e-10 1.6461838407542455 1.640881133192539
0.9998472608779532 0.012978581426484009 0.011705184279207706 -0.011499505103410145 -0.015810545758612866 0.9998088757483558 0.01316116625648088 -0.9997907696448146 -0.015658883606385742 -0.027019590950640972 0.14094463694847376 0.024142874739189885 -7.623697229064419e-10 1.652451501812246 -5.466462837944164e-10 1.652451537042003 1.6498940494539998
