0.9999971055026982 0.0023225956995030898 -0.0006281205637623799 0.0005902256344804194 0.01628061158833327 0.9998672878537483 0.002332513649772187 -0.9998647644734394 0.016279193608626577 -0.02523447370304789 0.15243750399766393 0.024617732096842565 -1.077798295057164e-09 1.6340150195206977 -4.1153480623279393e-10 1.6337076053026482 1.6280158414202122
0.9999982995004953 0.0012651203380691256 -0.0013418146845547603 0.0013183128484855478 0.01839808950560583 0.9998298717050702 0.001289591931969509 -0.9998299404264077 0.018396390395267182 -0.025087815058755597 0.15258534827097042 0.024290527674899642 -1.5744490156066604e-09 1.6323155311961157 -1.7358026127567427e-10 1.6319653908478795 1.627549979867207
0.9999973801020222 -0.0022740895569386484 0.0002613537426778695 -0.00023340319757676406 0.012282469200403911 0.9999245403895679 -0.0022771280243214457 -0.9999219816900857 0.012281906241813523 -0.02448562480707795 0.15149426870220847 0.025128684177953747 -1.9609887047522534e-09 1.6319105644031424 2.694262590807739e-10 1.6316937214870055 1.6275217733805087
