0.8280360104774285 -0.5606625881235605 0.0037185523009344683 0.0012093816485742395 0.008418306253293867 0.999963834103941 -0.5606736151707624 -0.8280015666642284 0.0076487157700734125 0.07504621736622959 0.1496034308834762 0.02020459247737194 -3.0591529309731413e-10 1.3586939932899131 -7.007834312844352e-10 1.3586224729051928 1.3584610818649798
0.8280674522868661 -0.560616098582507 0.003726187497668898 0.001288006037128725 0.008548816444936734 0.9999626286906123 -0.5606270021177959 -0.8280317069699202 0.00780107357311266 0.07507879470590692 0.1495893496609976 0.020176156196514444 -2.3157387118999395e-10 1.360247947702442 -6.832872045947624e-10 1.3597929987259167 1.3593118983493246
0.828160184682301 -0.5604791259466951 0.0037226180311332735 0.0011895320513655716 0.00839925511894213 0.9999640181161248 -0.5604902260704246 -0.8281259577452429 0.007622636554931839 0.07511043867419046 0.14957503491549784 0.020210613107849967 -1.3949463806284257e-10 1.362324003444085 -6.817790776381116e-10 1.3612212646001574 1.3604750597497306
0.8281518531258129 -0.5604913495402741 0.003735673273238288 0.0011854210845244906 0.008416270852717636 0.9999638799285631 -0.5605025449907739 -0.8281175118758544 0.0076343685665255165 0.07511375780738434 0.14957297991785812 0.020208498232912236 -8.592770939230832e-11 1.3623240259433045 -7.529994405786056e-10 1.3612212907657941 1.3604750876026026
0.8229536639454346 -0.5679150595075916 -0.014824040720182716 -0.012801259154608835 -0.04462445626576422 0.9989218115883954 -0.5679642548284543 -0.8218765984547034 -0.04399388764004525 0.07679810145473667 0.14835321405636015 0.017138735011268946 8.315748090126363e-11 1.3623240636967626 -7.572147353585024e-10 1.361221338203947 1.3604751348790574
0.8229132639685944 -0.5679728189168969 -0.014853853242458095 -0.013329368056004001 -0.04543545967200208 0.998878344420191 -0.5680106406853502 -0.8217922462374464 -0.0449601611677501 0.0768138793233251 0.1483370610175294 0.017324051798809303 1.2520295911144785e-10 1.3632122602025323 -7.327205509000123e-10 1.3620985133616275 1.360897130561007
0.8229240282096495 -0.5679571112326278 -0.014858115475799474 -0.013636420259217102 -0.04588870836144876 0.9988534799896488 -0.5679877567674481 -0.8217779178374206 -0.045507822592120266 0.07678315503222014 0.1483585501901885 0.017429638359250668 1.8472512408607145e-10 1.3632122905064987 -6.652314255006786e-10 1.3620985529007976 1.3608971737115585
0.8270125100145473 -0.5608681961169454 -0.03843403262685195 -0.016871896234300743 -0.09309654560729892 0.995514124617751 -0.5619302869546161 -0.8226541799447151 -0.0864549178623806 0.07620917683397949 0.14934242786471244 0.016488066620267083 1.681081940319018e-10 1.3641154950331735 -6.601048596621695e-10 1.363269207047182 1.3617396124446959
0.6650519751495705 -0.7424882468367205 -0.08010663929405598 -0.210944749641005 -0.2896694155950508 0.9335919570496071 -0.7163854988402183 -0.6039891000491273 -0.34926921432227115 0.09998091064370335 0.0999699729364801 0.059286864893229985 1.729825171992161e-10 1.346580110114397 -6.871907487493445e-10 1.346290298575826 1.3458387245002355
0.7353197631613126 -0.6717054508860172 -0.09009235902341309 -0.4641148352755276 -0.5959620033698619 0.655306577272463 -0.49386462272728254 -0.44004667683030274 -0.7499711038627062 0.06981419436369314 0.08017615118559275 0.11510630961579649 1.7040946431734483e-10 1.3479756309629192 -7.11707137668327e-10 1.3476435352462106 1.3469648994304695
0.7052225861003388 -0.6919794840137803 -0.15435510279214287 -0.3002609876905059 -0.4887271403257186 0.8191392565249008 -0.6422650880478187 -0.5313286892433609 -0.5524358611294706 0.0981805898712414 0.09878162097564276 0.07678558936968352 1.8050805294933525e-10 1.388154821325326 -1.4498464651069298e-09 1.3863072264762204 1.3862680740323778
0.7077947641082752 -0.6896890709536779 -0.15282525088467422 -0.30678581242983816 -0.49497668092509717 0.812945601274857 -0.6363246319235767 -0.5285140213347487 -0.5619287250709806 0.09718620177875179 0.09833598949844176 0.07867198588777191 2.5646329504525056e-10 1.3916463117571958 -1.6206715969246943e-09 1.3886875137247179 1.3882725688556548
0.7078913635257719 -0.6896168044878247 -0.1527038978337653 -0.30744481491233044 -0.49548164852189197 0.8123888365564554 -0.6358989725020371 -0.528135019617171 -0.5627662905903513 0.09710231355706914 0.09829220304730332 0.07883653315920519 2.490860850912213e-10 1.39164633525953 -1.7975372301748394e-09 1.3886879969301962 1.3883430076963377
0.709926228881146 -0.687850903680091 -0.15121469456728384 -0.3174716701668395 -0.5042126044618809 0.8031073328909681 -0.6286624596618383 -0.522140578588036 -0.5763269280570523 0.095873235333863 0.09736106229262519 0.08152932379365031 2.255893249980545e-10 1.3916463730851953 -2.063742066127361e-09 1.388688043087284 1.3883430556291554
0.7144541260008137 -0.6836790454805365 -0.14878932962829056 -0.3342319966377678 -0.5203036992459518 0.7858581506700235 -0.614690388947106 -0.5117294434775089 -0.6002405371301196 0.09351563772390684 0.0958246428121141 0.08631438577511114 2.5364066402744356e-10 1.3916464317911466 -2.427028356066785e-09 1.3886881138677083 1.3883431293767377
0.7181422979331787 -0.6802319780321062 -0.14681994408724447 -0.34853093935536356 -0.534188107991108 0.7701748175530982 -0.602327007721986 -0.5019238202590194 -0.6207049656843985 0.09152419546192128 0.09437339598815411 0.09043627991679423 2.2152857326318554e-10 1.3916464853939887 -2.7429152282820723e-09 1.388688179186408 1.3883431971623716
0.7182728328211266 -0.6800886894394923 -0.1468451978363196 -0.34856447407296776 -0.5343969990890469 0.7700147107548379 -0.6021519285407542 -0.5018956284538603 -0.6208976027442492 0.09150120256236915 0.0943576034806137 0.09047351629539246 2.994395842392805e-10 1.3922096240236899 -2.8855566824859125e-09 1.3889555170178731 1.3884106655207606
0.7185113803017232 -0.6798299836261984 -0.14687610336509876 -0.34866080006698447 -0.5347909548274543 0.7696975257407224 -0.6018114678813978 -0.5018264919247912 -0.6212834531265861 0.09145264577977455 0.09432948384419644 0.09054984218150092 2.9114310962086165e-10 1.3933460119256766 -3.1319746796043546e-09 1.3894614544562671 1.3886522060075492
0.7185316006862874 -0.6798096685435714 -0.1468712135507872 -0.34867704190753646 -0.5348225977047725 0.7696681813813855 -0.6017779152326975 -0.5018202900830123 -0.621320961499924 0.09144615933998498 0.09432851491834846 0.09055681039597974 2.744595661852145e-10 1.393346042571629 -3.4449243457856937e-09 1.389461498860661 1.3886522558374974
0.6277056107091168 -0.7722012466570544 -0.09844237372994374 -0.3409237513090041 -0.38638442603038925 0.8570169608091563 -0.699826165613784 -0.5043930114330073 -0.5057974178857096 0.10744114943443807 0.09025358173139136 0.12302960387325836 3.5137670550966504e-10 1.347810328130305 -3.5141400900329245e-09 1.347808836689846 1.347823893567373
0.7926272838688591 -0.5948695849718458 -0.133686819627437 -0.156537250203947 -0.41046310233446054 0.8983407654785334 -0.5892691050490106 -0.6911224337969315 -0.41846350299320495 0.08606876789621506 0.1311199099982911 0.13546155424741138 2.3018920103368146e-10 1.374759944125687 -3.6887373155991554e-09 1.3737457068470231 1.3736602978484527
0.7717923234776763 -0.6358422193313538 -0.006425070949691432 -0.01484406256631949 -0.028117598084068017 0.9994943994262852 -0.6357013947030925 -0.7713067306809668 -0.03113942804197636 0.07502304554457781 0.12272112993913671 0.028502006533049323 -2.0825323687745367e-09 1.2772676194153059 9.379474974480217e-10 1.2775281807465761 1.2773161273033828
