0.9998585104398083 0.016577164651725804 0.0028559960079402947 -0.001940167396587522 -0.05500183571607357 0.9984843683395026 0.01670912479937287 -0.9983486343357072 -0.054961891056143214 -0.027690971858350732 0.14160491082157178 0.028942030639811767 -7.724176853685094e-10 1.6398792492208285 -7.456861794707947e-10 1.6398676303551198 1.6346563802183836
0.9999274860854429 0.007812606785442437 0.009164373740862944 -0.008563796289972895 -0.07371760233960194 0.9972423860318033 0.008466638290963313 -0.9972485539124718 -0.07364535121468034 -0.026328404939926504 0.14168762233494883 0.034869214263478554 -4.675166920264928e-10 1.644934875972254 -1.0316938414689503e-09 1.6451041775693227 1.640100211714608
0.999932195504273 -0.0019404704146007948 0.011482115161158105 -0.011643995999525966 -0.15412394069424554 0.9879829088916667 -0.00014748276869268513 -0.9880496169117453 -0.15413608522791214 -0.024689729648470986 0.138915800027952 0.05272251922551696 -3.2097879909542826e-10 1.6454245244179342 -1.1759349050066703e-09 1.6463618958483455 1.6406401427663768
0.9998322674260379 0.0015575304540563373 0.018248592071507093 -0.017766095474271052 -0.15961384155452554 0.9870196489613596 0.00445004104550403 -0.9871782998441019 -0.15955939787929085 -0.025534199185148074 0.13839429196158878 0.053916658081957475 -1.5430146049766336e-10 1.6484287536373232 -1.28904797946916e-09 1.6493256902284896 1.6446159904044082
0.9997170905342967 0.0020085406852144456 0.0237003092375747 -0.02305950717304328 -0.16242208239606076 0.9864518874628725 0.005830782329773248 -0.9867193283373156 -0.16232981569317362 -0.02568066064473 0.13783458530648834 0.055679260016360976 2.589510827988306e-10 1.653080006929386 -1.3225296413565957e-09 1.6530389220499098 1.649860341897539
0.9995863900935781 0.0015319880777867907 0.028717620935906428 -0.028019514442524006 -0.17303108078055598 0.9845177255358676 0.00647731040587694 -0.9849151730461067 -0.17291658784935493 -0.025795001889464507 0.13701414538739923 0.05929910879527869 4.837463762896732e-10 1.6524864469081342 -1.2461098819471772e-09 1.6525487666329308 1.6494027889440543
0.9995070804940456 -0.002881686125662454 0.03126166865896447 -0.031220799587529727 -0.195754307757655 0.9801558614156406 0.0032951047608565827 -0.9806487377646464 -0.19574778518599015 -0.025488428052574875 0.13476623316455721 0.06821331756657006 7.323688322458111e-10 1.6514079879283496 -1.2118821501871935e-09 1.6513555717152908 1.6482529263195875
0.9993567842631198 0.0009337908435112889 0.0358489299970957 -0.034822254482395454 -0.21360117760140063 0.9763001318857117 0.008569033786803562 -0.9769205008402451 -0.21343126926016517 -0.026400654553209068 0.13285033642656424 0.06883822106136449 1.1031477953338253e-09 1.6514409181666787 -1.2756204981201336e-09 1.6509266088018695 1.6482197885825673
0.9992685593281126 0.011371922259163213 0.03651062478854404 -0.03255137902647208 -0.24810880567419047 0.9681851208681125 0.020068733437694865 -0.9686654220787786 -0.24755715705094936 -0.028234344539462573 0.13019903120036935 0.07510888876255692 1.4259917691106239e-09 1.6527108123652665 -1.1882201889079624e-09 1.651083329420885 1.6473631934713646
0.9994100367917255 0.012494031402764824 0.03199183550953448 -0.027305241898469557 -0.27596775691050746 0.9607789656891169 0.02083271765345187 -0.96108568625544 -0.27546379353752043 -0.0282572056103742 0.12477744353460758 0.08743430147148182 1.8490462494469284e-09 1.6595788663038702 -1.188413811803457e-09 1.65860924182679 1.65441939296616
