0.9998785973384221 0.015438479697191256 0.002108062899651411 -0.0012998806525711033 -0.05217270541269092 0.9986372309904181 0.0155274239601598 -0.9985187340028028 -0.05214630332632861 -0.027235555728681447 0.1413669389208826 0.02870064292806851 0.0 1.67851 0.0 1.67851 1.67851
0.9999746369405802 0.006995081727984445 0.0013395175152675805 -0.0014250507738459012 0.012236993734823821 0.9999241097276462 0.006978159201884954 -0.9999006574735075 0.012246651713854187 -0.025759846471151603 0.14528909531153186 0.02679395192146325 -7.699147985817945e-10 1.6508251865998709 -6.682796538370894e-10 1.6498388876094046 1.643293081364181
0.9999520754606402 0.009687095262592139 -0.0014166747444273632 0.0012282037034931671 0.019434234039142753 0.999810383054194 0.009712790413715259 -0.9997642075673069 0.01942140493615101 -0.026288128135705687 0.14665746305448177 0.032379372480055374 -4.346780713149201e-10 1.6508218805692598 -1.0101421921149267e-09 1.6505914499753782 1.644363755199322
0.9999419635367592 0.010764321056024229 0.0004460386230381169 -0.0006459766848642551 0.01857782225016317 0.9998272086888634 0.010754174648619953 -0.9997694703843704 0.018583697559495637 -0.026457104337464045 0.14617939566662633 0.03503957902672275 -1.5999379598952146e-10 1.6505028670329303 -1.2247740599491408e-09 1.6499975321909766 1.644110260278767
0.9997506912750017 0.02232101664676136 -0.0005722857776222969 0.00017362002876910795 0.017858405233088823 0.9998405108909204 0.02232767679902852 -0.9995913412882216 0.017850077601297292 -0.02854275173611807 0.14454861122351478 0.03937183378433906 -1.6776002809137935e-10 1.650802517768942 -1.24521282174328e-09 1.6502412954869392 1.6434509670618347
0.9998059652967445 0.019576213005706503 -0.002191721104610347 0.0020213654503945483 0.008717728285111269 0.9999599568459044 0.01959453594145924 -0.999770360181728 0.008676466062671105 -0.02806144346077269 0.14318588777937918 0.037431724771402664 -2.370494911474452e-10 1.6529443407006683 -1.3471259663333512e-09 1.6527834217194606 1.6438506790861327
0.9999369396370462 -0.011219416149952708 -0.0004913761817757351 0.0006547295925720988 0.014560857682636322 0.9998937707340247 -0.011211069460958956 -0.9998310387884546 0.014567285153430691 -0.022508961153537507 0.14606673532983278 0.03176065160729477 0.0 1.67463 0.0 1.67463 1.67463
0.9995686288734856 -0.02925783451798762 -0.0025564215806797366 0.0025855802980101483 0.0009588232815421173 0.99999619770899 -0.029255272114657473 -0.9995714380559463 0.0010340581533551806 -0.019497134213212832 0.14128791162066776 0.029220325845380535 4.2393288879338797e-10 1.6562868800269746 -2.2718982251035413e-09 1.6562874734682458 1.6508778025113022
0.99820413670894 0.05989557738772181 0.0010105773355219283 0.0002829075935405073 -0.021583253257507186 0.9997670144299199 0.059903434129047736 -0.9979712836490906 -0.021561437598942856 -0.03418688224750466 0.13014797934717348 0.033029835666669616 8.67031779705485e-10 1.6616607818853124 -2.80118150897124e-09 1.6616066585877531 1.6531308967769185
0.9991343347118498 0.04160011131185481 -0.0001092645914293755 -0.00035327696736812964 0.011111244001451786 0.9999382058168017 0.04159875473249142 -0.9990725554210673 0.011116321744377988 -0.03141693408358366 0.13170840965140146 0.03382089912620426 0.0 1.68524 0.0 1.68524 1.68524
0.9979046246010007 0.06452799376576537 0.004743228910909711 -0.0033682050537822555 -0.02140107232525964 0.9997652971062982 0.06461435904388142 -0.9976863896655574 -0.02113888553008479 -0.0350228573418473 0.13102348192266325 0.038804330827724554 0.0 1.68275 0.0 1.68275 1.68275
0.9979702676930169 0.06332061013587632 0.006770903392307376 -0.003431964759861253 -0.05269151352091784 0.9986049399140593 0.06358904322770295 -0.9966012767074379 -0.05236724975106138 -0.03494568860639137 0.13192212797738095 0.04157394556362001 1.0021281582339725e-09 1.6591372380441847 -3.166303663704184e-09 1.6596176440475636 1.6515031986139004
0.9975762719824547 0.0694844275644126 0.003673677126961622 -0.0016821044824350817 -0.028698965949321087 0.9995866845241337 0.069561139309944 -0.9971701377796497 -0.02851252739440961 -0.03562622552102279 0.12972584176167082 0.039538499964831414 1.1755822981740494e-09 1.6637329764191762 -3.4811753479857543e-09 1.6636711103688482 1.6537899213241136
0.9977887951988393 0.06645790097537015 0.000931436308296299 -0.0006154711260241419 -0.004774681664572164 0.9999884117380038 0.06646157815566485 -0.9977778058330169 -0.00472322094640492 -0.03510318552023728 0.12761721322761455 0.033635568777122454 1.1206333638824617e-09 1.6660300072003045 -3.6521532464917073e-09 1.6668719255924058 1.6571643448858469
0.9983012383585953 0.05826043996357148 0.0005988546954263929 -0.0006654406351930264 0.0011235072259940249 0.9999991474597737 0.05825971747662518 -0.9983007857688805 0.0011603675191906304 -0.033820429553049924 0.12749127885690129 0.030830114101896955 1.007220973292533e-09 1.666092452755259 -3.727987696322543e-09 1.6667828315215925 1.6594467166112388
0.9983139800446131 0.05801278036643422 -0.0019273198072548153 -1.1695078633203182e-05 0.03340504471619474 0.999441895685154 0.058044785387739245 -0.9977567941646225 0.033349401608220766 -0.03380635594450046 0.1265793694626403 0.026944407007442245 6.745404235175556e-10 1.6688332878290666 -3.5910590057142144e-09 1.6702895812826482 1.6627346121556839
0.9987951109270822 0.04874829414173448 -0.005650681943662507 0.0031182739625749065 0.05186912192204699 0.9986490227094452 0.048975532214074254 -0.9974633817886782 0.05165461484747918 -0.0322981603704752 0.12704598330818123 0.028601882447834737 2.9194069384175236e-10 1.6681807681663239 -3.432521822333001e-09 1.669737908126443 1.6617690512567078
0.9994998840458157 0.03146150365487903 -0.0031867821034870097 0.0020730054410082743 0.035370606658108115 0.9993721142963111 0.03155446784280511 -0.9988789185744242 0.03528769738515036 -0.02946183644845867 0.12544256153865035 0.026009273877167755 0.0 1.69493 0.0 1.69493 1.69493
0.9992740883537317 0.038039793635614896 -0.0020665054992325266 0.0014280225687472725 0.01680413038500677 0.9998577808636321 0.03806910947686685 -0.9991349234723825 0.016737610387232767 -0.030543909971162683 0.12134804087008777 0.032285718345294145 3.836744255636404e-10 1.678938421440165 -3.6734419950334996e-09 1.6788200703630247 1.6735067045310954
0.9999413749118383 -0.01055097269805222 -0.00243386822715827 0.0029595477299330375 0.050097063467087866 0.9987399688153111 -0.010415748492377388 -0.9986886207457756 0.050125352629622574 -0.022846065117281253 0.12413319950822255 0.03011817718613316 0.0 1.69838 0.0 1.69838 1.69838
0.9997709472530147 0.021029081129959784 -0.003978790725750553 0.003489500603410911 0.023253006263000024 0.9997235223226828 0.021115785904117893 -0.9995084168963073 0.023174299106747634 -0.027717101493124757 0.1172959411583519 0.02810683591754437 1.0964891217213335e-09 1.6858450941442253 -4.470507519727107e-09 1.686223029662945 1.6814626924496432
0.9991709222316772 0.04063109147399971 0.0025656524181963958 -0.004112063213455197 0.03802207745511848 0.9992684386900877 0.040503815904530255 -0.9984505175679106 0.038157631812567754 -0.030612030860742566 0.11730957717565946 0.0278658187849726 1.3792433861681275e-09 1.6843772105438823 -4.561401034663959e-09 1.6831657547077175 1.6771639248795056
0.9999992947048295 0.0009838106909265693 -0.0006653618324216348 0.0006649595028818123 0.0004092207200985451 0.9999996951835843 0.0009840826708931109 -0.9999994323273023 0.00040856623720916807 -0.024733517872812583 0.11216968818645459 0.032819490087424213 2.3965434081674175e-09 1.7029402590989013 -5.520836232619786e-09 1.7021588005138648 1.6979373731039669
0.9998488641036055 0.017352367731321892 -0.0010697125066291696 0.001383179182593855 -0.018062847452860548 0.9998358967136775 0.017330198096926056 -0.9996862652232508 -0.018084118942034 -0.027134013796610755 0.11014433416150343 0.029625634508391285 2.350316385957285e-09 1.7037891579336506 -5.7292819377607884e-09 1.7040126430187517 1.697379369570994
0.9998176843548752 0.01897176481403855 0.002161062492389565 -0.0021997513915530953 0.0020186567877950225 0.9999955430493621 0.018967317814350165 -0.9998179820170339 0.0020600219211303616 -0.027424275554579932 0.1103412391190601 0.018259572343471447 0.0 1.72443 0.0 1.72443 1.72443
0.9999777669473008 0.0066141203118321645 -0.0008479525876494143 0.001245776686005437 -0.06037750051272567 0.9981748371263847 0.006550851207201804 -0.9981537010121921 -0.060384397853457825 -0.025586542453189486 0.11140880748750726 0.025428912364364065 1.9191785938232897e-09 1.6977983623878226 -6.054806434008242e-09 1.699644161213314 1.692986360985958
0.9999224371764688 0.012346227679989281 0.0016402113111309569 -0.0011627642200545546 -0.038579805921652305 0.9992548456497053 0.012400306868777727 -0.9991792478014752 -0.03856245781117479 -0.026412953378961046 0.11026579514681945 0.020500911312030412 0.0 1.72673 0.0 1.72673 1.72673
0.9997862043892299 0.02057798159614067 -0.0020229153234065447 0.0024555089916845976 -0.02101866427490832 0.9997760680410841 0.020530854550372075 -0.9995672875927502 -0.021064699995582144 -0.02761164655292836 0.10997821138493152 0.02156387899984813 0.0 1.72627 0.0 1.72627 1.72627
0.9998401147966528 0.017839349664597434 -0.0012257434315167126 0.001741210949065812 -0.028908187011353517 0.9995805544868043 0.01779643300907607 -0.9994228706244723 -0.028934627090955026 -0.027195782565807698 0.11145027452173129 0.02142140094196046 1.5150867227475828e-09 1.6989502778371888 -6.792109097375487e-09 1.7000668970852137 1.6931221089124877
0.999967885552564 0.004507253031221194 0.006626653276504772 -0.00649526813905651 -0.02856502396505645 0.999570833356835 0.004694609178219369 -0.9995817745817439 -0.02853483079808746 -0.025136087842561078 0.11446792781780561 0.015122800258961816 1.667943116956394e-09 1.6950439449320083 -6.863092316677921e-09 1.693659534660644 1.6878680118300906
0.9998862227674445 -0.00604287154132528 0.013821187481088003 -0.014130231271840031 -0.05450434247014949 0.998413548193383 -0.00527997008103803 -0.9984952480384831 -0.05458352828932593 -0.023705303380196368 0.11331488894569161 0.01274211396136296 1.6941266167691538e-09 1.698980794039712 -6.548778408443923e-09 1.6983261291697707 1.6928151555128021
0.99997292090139 0.004776145311330871 0.005598740921665762 -0.00530362806200973 -0.05971087937091062 0.9982016241291799 0.005101861750650007 -0.9982042873684313 -0.05968393155581862 -0.025327342170524514 0.11255549015623845 0.01100356321442783 1.430188412143707e-09 1.6953708858291412 -6.192292012485723e-09 1.6966162738950903 1.6915900939135948
0.9999372440494806 0.010476753845536192 -0.003968071520193097 0.004618188573241509 -0.06277672276951866 0.9980169113860851 0.010206874988521535 -0.9979726051887291 -0.0628211667815049 -0.0260855904873621 0.11140737148013269 0.005354541221441467 1.1754668349794883e-09 1.6983301547612761 -6.839410815473457e-09 1.7006432351121905 1.6938425259576695
0.9998934366724803 -0.006760539045830327 0.012938717521703946 -0.01339935243615846 -0.07323635044152103 0.9972245957297176 -0.005794191366209758 -0.997291698594657 -0.07331913297765606 -0.02372104381731978 0.11265879987669028 0.010086389246724586 0.0 1.72134 0.0 1.72134 1.72134
0.9999335098510318 0.010321422569743643 0.005142383993170248 -0.004255357322671426 -0.0841942222078711 0.9964402766251814 0.010717640181159921 -0.996395905844132 -0.08414470278038169 -0.026100485504553454 0.11209221012952617 0.00815277355163685 4.4415848776679923e-10 1.6992926575068728 -6.1446518984098475e-09 1.7002682249334784 1.6959205817975418
0.9998550471536661 -0.009890352873356333 0.013858773444314156 -0.014651681132526313 -0.08520128492283122 0.9962560259729872 -0.008672538344170498 -0.9963146701557389 -0.08533384505065891 -0.023249903833237735 0.11257587633368558 0.0036006408081231123 0.0 1.72218 0.0 1.72218 1.72218
0.9998359922790895 -0.012916479216755629 0.012694609404464182 -0.013633313428208931 -0.07539043020479788 0.9970608887116694 -0.011921464182599746 -0.9970704326165624 -0.0755541600017125 -0.022694222839548313 0.11227173567506082 0.002958849598213964 0.0 1.72438 0.0 1.72438 1.72438
0.9996233474021995 -0.014822564101531259 0.02309664308677167 -0.024661466942961275 -0.11592664020255508 0.9929515729075454 -0.012040572106131365 -0.9931471722180976 -0.11624852230696832 -0.022857735201736507 0.11343989409379762 0.0059674370811054755 8.447873511840953e-10 1.6969333532013708 -5.288570470440845e-09 1.6945008744042305 1.6901916762998477
0.999715272536583 -0.018216757665717655 0.015411800584428918 -0.017032587911185715 -0.09245282689908564 0.9955713765207471 -0.01671121797336796 -0.9955504128563838 -0.09273678156659504 -0.021908859996496603 0.11693286569019935 0.006300516879070406 1.6628121102257865e-09 1.6896771923040683 -5.688086446298257e-09 1.6896922257671756 1.6853146875621166
0.9998555085327008 -0.007318245804019994 0.0153429245962447 -0.015847461564443846 -0.07476057822476875 0.9970755808390163 -0.006149798271291652 -0.9971746583331579 -0.07486575157822326 -0.023604632521143542 0.11305413140785814 0.005039612373812397 0.0 1.72186 0.0 1.72186 1.72186
0.9999876739838872 -8.95104187373121e-06 0.004965057922477003 -0.004959618480265774 -0.048631614038028265 0.9988044695037093 0.0002325184399321631 -0.9988167830167527 -0.04863105899772274 -0.02465036819956421 0.11123775875522254 0.0021520893896506688 0.0 1.726 0.0 1.726 1.726
0.9999393138293804 0.011014259268512832 -0.00023398973031580478 0.0007908332359111842 -0.050579441605964275 0.9987197277863403 0.010988322948516399 -0.9986593043573944 -0.05058508257563961 -0.026167148444056983 0.11159958155567834 0.0019686475112508373 1.0876277656279854e-09 1.6999010846254876 -5.17334175498263e-09 1.701141083398288 1.696565594044423
0.9998897731622188 0.0021087655901616074 0.014696755876473469 -0.014541698399416512 -0.06070047697784832 0.998050094485403 0.002996753788237286 -0.9981537983709462 -0.06066312112301203 -0.025002520510115648 0.1146247198849162 -0.0004982451747121974 1.8435200033195542e-09 1.6953909241324832 -5.381007639471136e-09 1.6927326901656654 1.6895262801589572
0.9999603463565162 -0.0016456865766593931 0.008751995786538014 -0.008852663215370614 -0.07692408788574683 0.9969976504771418 -0.000967506357291844 -0.9970355943589162 -0.07693560627441169 -0.024365289739747307 0.1123363546707178 0.004125692633838468 2.0224488750386627e-09 1.6970081476209726 -5.413673065390867e-09 1.697895938395149 1.6921730396456152
0.999965870316337 -0.0014836588815273467 0.008127543221276467 -0.008177881136423693 -0.0378484951207708 0.9992500256078112 -0.001174930895405118 -0.9992823876029318 -0.03785933654958534 -0.024321366109497755 0.11346569533010492 0.0023977415621525833 0.0 1.71977 0.0 1.71977 1.71977
0.9997341063623756 -0.016714303529071644 0.015885484989770035 -0.017071367774489175 -0.07337971895764545 0.9971579540113016 -0.015501128285717751 -0.9971640030121599 -0.07364554377988317 -0.02223668524176138 0.11254024069459388 0.006127205682657816 1.467750365691245e-09 1.7003027605446697 -4.672204845235228e-09 1.7002046415922596 1.6966308388979865
0.9999575562062385 0.009174320551816413 0.000847129541309985 -0.0003727578918184746 -0.051585241298332196 0.998668525553773 0.009205804560239601 -0.9986264540470603 -0.051579632024601633 -0.025919014424264298 0.11116841530215235 0.0015639729519326406 1.0355165613873396e-09 1.702679867768584 -4.80038764294477e-09 1.7036525496343202 1.6983464078980877
0.9999571122638061 0.009251955428889107 -0.00041827475631465993 0.0007785453933992631 -0.03897069299653528 0.9992400507157628 0.009228623954866568 -0.9991975212179581 -0.03897622469901386 -0.02586301253844007 0.11152728802075787 0.00239828080368909 1.008536365532109e-09 1.702237362598006 -5.326610263978182e-09 1.703681803995969 1.697475813543961
0.9999513729410223 -0.009859944985485765 0.00018231359763998256 -0.0004498332111439185 -0.02713655074335733 0.999631634785452 -0.009851365562542201 -0.9995831076497024 -0.027139666503418404 -0.023127093443741017 0.11080948544200764 -0.001482671607311803 9.007123935589334e-10 1.704432798860398 -5.992244034302985e-09 1.7053658792985749 1.6991472057205348
0.9998757035983805 -0.012626305932195932 0.00944212646336342 -0.01015573343033229 -0.05770210560276036 0.9982821886057569 -0.012059785741694796 -0.9982539974412898 -0.05782316283592525 -0.02276915138821653 0.1118262519602836 -0.0013891613650663104 9.467324701972757e-10 1.7021545690215634 -6.257280027455181e-09 1.702063881150317 1.6970051535968782
0.9998380659013716 -0.016192909628852458 0.007850582930992465 -0.00853410416523876 -0.04258323683302321 0.9990564733822207 -0.015843327955370613 -0.9989616897652156 -0.042714533132460895 -0.02216657926490815 0.11148850679439334 -0.00391762654905331 0.0 1.72574 0.0 1.72574 1.72574
0.9998041185366247 -0.018689608645496632 0.0065133006902350216 -0.007104635564370632 -0.031749801720368315 0.9994705969883331 -0.018472918304932712 -0.9993210938529195 -0.031876365381012406 -0.02184156645252965 0.11135005047837745 -0.0012904590305965746 0.0 1.72805 0.0 1.72805 1.72805
0.9998212243194723 -0.015100728336394191 0.01137925322776534 -0.012171202437650505 -0.05343273415467746 0.9984972732821945 -0.014470011455866837 -0.998457265447283 -0.05360697570280473 -0.02245824606498977 0.111826106775094 -0.0026686077454497192 0.0 1.72437 0.0 1.72437 1.72437
0.9999730993792286 0.0069881308179106285 0.0022285747846624362 -0.0018015864661906564 -0.060523716063261054 0.9981651336728299 0.007110190159475636 -0.9981422973812729 -0.06050949821582205 -0.025584494763397275 0.11138663250558034 0.0018631984284384062 4.919540330661221e-10 1.700629947675809 -5.899360999706005e-09 1.7017715960558162 1.696671636386455
0.9999909830489616 0.0024069909746818126 0.0034986018949378986 -0.0034702860056075244 -0.011669299149480665 0.9999258895400195 0.002447638823590472 -0.9999290144064266 -0.01166084098088652 -0.024992060568695927 0.1169754834701634 0.0011477937891338497 8.195435441393784e-10 1.688617787135775 -6.039436506455331e-09 1.6876603190317052 1.6837475245931035
0.9999721270092162 0.005085330706932835 0.005466682381949382 -0.005306209158468737 -0.031051665255443603 0.999503695955763 0.005252556428118805 -0.9995048441585788 -0.031023815924293145 -0.02537915630752829 0.11227399684356042 -0.0019805337352384877 1.1066916272284288e-09 1.699048367722388 -6.234496474633033e-09 1.6992897801035234 1.6950773914032773
0.9999835228968101 0.0057231693416264235 0.00044639396506108986 -0.0003322801474257425 -0.01992438933278759 0.9998014344356678 0.005730927044432001 -0.9997851089321158 -0.01992215934101598 -0.025374045132722754 0.10990742684593387 -0.005490923943763382 0.0 1.72857 0.0 1.72857 1.72857
0.9998229446306357 -0.018556510616491658 0.003120144846816636 -0.003560188319283661 -0.02372813472536537 0.9997121089001505 -0.01847713314495298 -0.9995462128066891 -0.023789998204050738 -0.021812249717809526 0.11076083530866916 -0.013039103479870542 0.0 1.72878 0.0 1.72878 1.72878
0.9999318103222503 -0.01103644565079435 0.003817272987934578 -0.00418792812037605 -0.03375895604742151 0.9994212295847267 -0.010901190931541195 -0.9993690658380342 -0.033802873876177426 -0.022862822186967707 0.11112846620644341 -0.016067477885518988 1.4201999576357593e-09 1.705058880780899 -7.860221806765821e-09 1.7052138114625865 1.7007123393560883
0.9999867285323809 0.0045754761464432935 -0.0023680745637826017 0.002615357347780095 -0.05481765328685122 0.9984929568074408 0.0044387684158692445 -0.9984858987017073 -0.054828892281299856 -0.025247464998708925 0.11116113074929966 -0.013180335281019584 0.0 1.72439 0.0 1.72439 1.72439
0.9997597822620156 -0.021104977816915338 0.005912502241399262 -0.0065781898350438656 -0.031612946648904454 0.9994785385503122 -0.020907060766668446 -0.9992773396387616 -0.03174418520891349 -0.021409694784448347 0.11096252496092575 -0.009661682667261168 1.408297478633358e-09 1.7080248382626957 -8.800929762742271e-09 1.7075626120585943 1.7046834695716404
0.9999065834307286 -0.0037328402027492157 0.013148776213327357 -0.013410421700805003 -0.08191211157378389 0.996549329720978 -0.0026429153777604505 -0.9966325661353561 -0.08195451858659948 -0.024054108371069735 0.11276591371828477 -0.011424939632432615 1.692245454876229e-09 1.6996150570256452 -8.89680773497048e-09 1.69906175559131 1.6939358727410347
0.9998413966662641 -0.013088293911838376 0.01207799962458779 -0.01291914857268206 -0.06621299594707611 0.9977218724513708 -0.012258756568721637 -0.9977196679078696 -0.06637158395879221 -0.0227237082934547 0.11177220837129596 -0.00792089580309624 2.2191706250396237e-09 1.7031641290655317 -9.155684210782056e-09 1.7019285404707638 1.697493480771409
0.9999440489662161 -0.010567007261300533 0.00048712892444466305 -0.0007526225591870384 -0.025135363421550726 0.9996837735328858 -0.010551421531377253 -0.9996282068165174 -0.02514191004003071 -0.022969824156663373 0.11055071706368086 -0.011758815911741285 2.073826443904636e-09 1.706006584707377 -9.486322838370143e-09 1.7059289728763058 1.7022605922698233
0.9999036965143657 0.013392715532960044 -0.003637700861805024 0.004184443404270641 -0.04102483327354705 0.9991493649541464 0.013232087148413976 -0.9990683651410103 -0.04107692349928242 -0.026435759046521942 0.1103236279361982 -0.012399325376727333 1.769107527138658e-09 1.7023603480845564 -9.918300847289174e-09 1.703997579011303 1.6978990839555017
0.9999637650163096 0.006983616202056265 0.004868034423585341 -0.004642965276957053 -0.03189019737727919 0.9994805942011455 0.007135231449911419 -0.9994669801529115 -0.0318566171489636 -0.025641354005705063 0.11276415885887085 -0.021918455188836408 0.0 1.71986 0.0 1.71986 1.71986
0.9999382780075353 0.009705809521088482 0.0054071653262110775 -0.004859958017551125 -0.05554364745050118 0.99844443212227 0.009991045160155759 -0.9984090847390336 -0.05549304935911293 -0.026493025440068506 0.11039954076589219 -0.016515044831742418 2.070044580193553e-09 1.7029451392512112 -1.1000287791773644e-08 1.703581728459448 1.700074416458759
0.9999007920397215 0.014037625980335505 -0.0011623834022773394 0.002231920757612943 -0.07641731845625481 0.997073423560014 0.013907717572248008 -0.9969771002870587 -0.07644106811877392 -0.026607688093670704 0.1112139170527734 -0.011040452509289825 1.7801742302481216e-09 1.6992637047697103 -1.1536704036529954e-08 1.7007761497455904 1.6959710012143248
0.9996302972679862 -0.014983302710861067 0.0226885306662285 -0.02422010125251288 -0.11151217181363893 0.9934678767996092 -0.012355382601753489 -0.9936501075213953 -0.11183384256782072 -0.022781425415757346 0.11335575440114837 -0.009187801343205126 0.0 1.71908 0.0 1.71908 1.71908
0.9998340390172252 0.01816579944505959 -0.001377734743505027 0.002559526154714109 -0.06519405558321377 0.9978693220770323 0.018037273861781916 -0.99770724105177 -0.06522973175247904 -0.02720661003828739 0.11098545304646618 -0.014566250869310612 2.5326274410986116e-09 1.6996197604685461 -1.2141060601322806e-08 1.7007461987669945 1.6961965460233381
0.9997593678653405 0.02188288384544042 0.0015315874450811812 -0.0003084316596400072 -0.055789928637917555 0.9984424814342023 0.021934248001841745 -0.9982026964786178 -0.05576975441411475 -0.02772587292831223 0.11042652000281812 -0.013674792067768643 2.3428388118418297e-09 1.7019495343368805 -1.2395457993363834e-08 1.7021994040800612 1.6973251028754124
0.9998985513951008 0.014162774454481554 0.0015174774234746335 -0.0002715312957007887 -0.08756369551414651 0.9961588856696814 0.014241249549626026 -0.996058238783083 -0.08755096666289842 -0.026669248340371054 0.11167620622229996 -0.01020840189083598 2.174617819150626e-09 1.6971018602029675 -1.279197281434108e-08 1.6984038860597632 1.6936039881857985
0.9999168352054196 0.007598546357033386 0.01042040143360927 -0.009431171335358882 -0.12027350098639912 0.9926959947374209 0.008796344696557545 -0.9927117139702415 -0.12019183527280328 -0.025935634752515167 0.11284613948783961 -0.00817939240321057 0.0 1.71718 0.0 1.71718 1.71718
0.9994786492962853 -0.022506840465120945 0.023148903497798967 -0.02588218906564957 -0.12990579320301412 0.9911884771230272 -0.01930134425481254 -0.9912708646099578 -0.13042059302649983 -0.021776669615016963 0.11432006214836436 -0.004748068704283431 0.0 1.71739 0.0 1.71739 1.71739
0.9997301241553047 -0.0078092334460065655 0.021879093431968283 -0.02270838263330502 -0.12986173194719985 0.9912720413357037 -0.004899817812779966 -0.9915013597815483 -0.13000402046376172 -0.023880781799713882 0.11301144178203994 -0.007272570776175116 0.0 1.7171300000000003 0.0 1.7171300000000003 1.7171300000000003
0.9993559998138091 -0.019843810011270387 0.029896635937484012 -0.032855147343777744 -0.1710539039538775 0.984713715368663 -0.014426535591073496 -0.9850618179314302 -0.17159571650966476 -0.022208156654846878 0.11471277635966927 -0.007890184439950335 4.0323984151768855e-09 1.6904616778097807 -1.2247059366643498e-08 1.6896140729017146 1.685274624753319
0.9996934884483165 0.024739582761625793 -0.0009392543937680742 0.003019159817631678 -0.08416945908571222 0.9964468810886078 0.024572623547988216 -0.9961442943680394 -0.0842183529283824 -0.02812433606852307 0.11130804116377971 -0.02185249712831075 0.0 1.71902 0.0 1.71902 1.71902
0.9994885424177599 -0.008977144268299951 0.03069306854011486 -0.03187531591353174 -0.20245830612873203 0.9787719849458796 -0.002572510648104747 -0.9792497358489666 -0.20264090660252834 -0.024066871818069192 0.11523224282106048 -0.014561492341604906 0.0 1.70744 0.0 1.70744 1.70744
0.999619573140867 -0.013773716019030545 0.02389547531851602 -0.025303300287575187 -0.11322800309118018 0.9932467781526101 -0.010975062105860925 -0.9934735547879526 -0.11353344859010364 -0.022971844306070195 0.11355290883003054 -0.0261507713168231 5.325714980131124e-09 1.6985662754612907 -1.3110809327088191e-08 1.6956311644211128 1.6929454913390405
0.9994671701269048 0.032618072928769795 0.0011988148021885026 0.003093838304045804 -0.13123493359993682 0.9913464683790265 0.03249313778422937 -0.9908145404269325 -0.1312659227503523 -0.029493690151559393 0.11225019345333638 -0.026238718695331675 0.0 1.71485 0.0 1.71485 1.71485
0.9998717115187659 0.014461183004312608 0.006887284708053859 -0.0050128889706860524 -0.12586648929042432 0.9920345245090371 0.015212871152467798 -0.9919417831001067 -0.12577784976488962 -0.026913185871477768 0.11282561444857778 -0.026542063288204715 4.026505351362175e-09 1.6942322560312357 -1.3112121166614088e-08 1.6958279609812363 1.6891056693312372
0.9998533001784033 0.014281317318983374 0.009456325818747224 -0.007525262767316826 -0.129682935441065 0.9915269571099272 0.01538663519547517 -0.9914526616188103 -0.12955644031208288 -0.026960070784418134 0.112819601822715 -0.025449940706453775 3.7119454177059197e-09 1.6915668723892683 -1.318089104529463e-08 1.6929481016927372 1.6865450699111069
0.9993471347862561 -0.01009590459453068 0.0346897233329827 -0.035732161716560795 -0.13427208149011752 0.9903000660160398 -0.0053401136282195255 -0.9908930723558065 -0.1345451684145823 -0.023006358013678327 0.11223882273323564 -0.029722543209187532 4.352609828117693e-09 1.6955338979826822 -1.2903744739389822e-08 1.6920350307073004 1.689225759932981
0.9997473933314339 0.015789058481201698 0.015995473087111967 -0.013203227892964214 -0.16335955521371764 0.9864782463357127 0.018188576090771458 -0.9864402472287175 -0.16310982296335405 -0.027324412814048248 0.11329433159426198 -0.028189417796738142 4.6058801217441214e-09 1.690186567784676 -1.2943553784339201e-08 1.6915598482719352 1.6855713667636723
0.9984735533823885 0.0551124410523977 0.0036307075332951966 0.005068778328092383 -0.1568926604640803 0.9876026531853604 0.054998824371135416 -0.9860767272042011 -0.1569325249400015 -0.0328166974089737 0.11147640489118117 -0.03961021849338188 4.542598297518907e-09 1.6881347563774165 -1.368306534743624e-08 1.6915175600070302 1.6838498889010074
0.9990317450568038 -0.02402435028345501 0.03685651858511685 -0.040526397660790525 -0.17648433497287636 0.9834688050984745 -0.01712260089462691 -0.9840102184950312 -0.17728707351627163 -0.021948614738585493 0.11520692294347541 -0.04520451033737112 0.0 1.7134800000000001 0.0 1.7134800000000001 1.7134800000000001
0.9997960702031498 0.0021088826891841033 0.020084088730681626 -0.019604725255834787 -0.1372404851503813 0.9903437302186202 0.004844868830202097 -0.9905355126644836 -0.13717115366040666 -0.02534768652517877 0.11320380455972687 -0.05072248692302937 0.0 1.7173300000000002 0.0 1.7173300000000002 1.7173300000000002
0.9998598440303647 6.21701540408845e-05 0.016741816820374594 -0.016656843640800584 -0.09699736101099667 0.9951452464423616 0.0016857803833702362 -0.9952846367204582 -0.09698273069327715 -0.02485737289682908 0.11254775204947948 -0.05531698470148347 6.412893327478741e-09 1.6984400399947646 -1.376668201658049e-08 1.6957604198645848 1.6909898586734418
0.9993006056792711 0.03344692667245225 0.016721321275826484 -0.012049968025586166 -0.1352840058507825 0.9907335847903551 0.03539912088773043 -0.9902421627345166 -0.13478635458844782 -0.029874194517953596 0.11146751838141129 -0.04887223015352568 7.316013572733482e-09 1.693827757855506 -1.4235442158394562e-08 1.6933546439502631 1.6865643556466559
0.9993386950266188 -0.020158580928622487 0.030262257639480983 -0.033018086126404333 -0.15447141124435954 0.9874453853741609 -0.015230844068648795 -0.9877915846589908 -0.1550348562931458 -0.022260087622535236 0.11468691566689085 -0.04083835992108842 7.948673719226917e-09 1.6909317123208503 -1.4153895833146635e-08 1.6889418113795402 1.686143764807265
0.9975056450682649 0.0704361374551514 0.004608535270980596 0.0008263630012557699 -0.07693743004711934 0.9970355805997773 0.0705819040628333 -0.9945448116591548 -0.07680372660699061 -0.034832716206608605 0.11076600085480937 -0.05707482429308483 7.854985994981689e-09 1.6903748831933747 -1.4112479185257598e-08 1.6914795517190404 1.684675812768882
0.9998112238219299 0.005244772778288213 0.0187085295573734 -0.017732754099463843 -0.14724005335817092 0.9889418163467105 0.007941420007966694 -0.9890868814444902 -0.1471192536776542 -0.02578834592894473 0.1133281522143875 -0.04583214754008966 7.840875504427913e-09 1.6930766439840612 -1.4049073904232046e-08 1.6922610477499207 1.6878126153072701
0.9997636694326062 -2.435171464205705e-05 0.021739473076514304 -0.02151052152252969 -0.14586133371565255 0.9890711646744736 0.0031468629584530602 -0.989305044328434 -0.14582738604197665 -0.02503489793049867 0.11330487411887959 -0.04035794356204697 8.060379030894183e-09 1.6943775226147215 -1.3844888790970344e-08 1.6928547125053095 1.6886982922441032
0.9994558055183353 0.0237810913314057 0.022859407489764227 -0.018675319582755312 -0.16329650289616415 0.9864002659064752 0.027190536114201594 -0.9862903790653998 -0.1627635183597722 -0.028703505859782756 0.11242703176579984 -0.03870808452457007 8.242726501350717e-09 1.6901345052455214 -1.3393010256379512e-08 1.6897704573909733 1.685380961272509
0.9996130022281092 0.015603375030771935 0.023029990537449863 -0.020226638874927344 -0.16068085719390285 0.9867991412700234 0.019097875702004802 -0.9868830715029422 -0.16030307022820584 -0.02740319188955709 0.11292488871858875 -0.041740304718690266 0.0 1.71299 0.0 1.71299 1.71299
0.9992294400063391 0.026193880347292264 0.029230238742948028 -0.023348295313052853 -0.2019400608572829 0.9791195376086268 0.03154969620444031 -0.9790475435101753 -0.2011728714715255 -0.029294964533821164 0.1131274409883563 -0.04406070194476486 0.0 1.70818 0.0 1.70818 1.70818
0.999583938486773 -0.01152968204219435 0.026438917362049508 -0.02817157679784371 -0.19355210221731584 0.9806854470154949 -0.00618968335172132 -0.9810222475353265 -0.1937963819598854 -0.0234401807104292 0.1151911703490118 -0.039799788051880294 9.765262376504324e-09 1.6891222080155988 -1.3762339712286575e-08 1.6877221220249536 1.6840240714032095
0.9990581513887065 0.04337461845200537 0.0012052460012575428 0.004215317860592427 -0.12466233062652785 0.9921902712776902 0.043186123223956596 -0.9912506977535527 -0.1247277553874038 -0.03101521005842333 0.11145485195452828 -0.05473385382638536 9.565688685597706e-09 1.694004007262059 -1.4375210355410672e-08 1.6962285193238769 1.688751324754465
0.9995178683408805 0.025139816618187306 0.018221429354090213 -0.013399018248984512 -0.18015534448954576 0.9835469069453762 0.028008876758370174 -0.9833168571077467 -0.17973163703276454 -0.02880816766065066 0.11310289380301783 -0.04287959329950332 0.0 1.71176 0.0 1.71176 1.71176
0.9991593621394117 -0.02235640559822236 0.03436219111016653 -0.03746679808221742 -0.15781327340678253 0.986757928662396 -0.016637550619913455 -0.9872158638643141 -0.15851823252864614 -0.021992552557927342 0.11468293917791415 -0.044812102263062426 1.0087719992668553e-08 1.6922873247656565 -1.4191599007062905e-08 1.689231213576063 1.6873660929387304
