0.9997597521109538 0.021542662106732977 0.004043731989055695 -0.002920447717379825 -0.051920902129511164 0.998646930054455 0.02172346759093106 -0.9984188167454641 -0.05184551402400128 -0.028841055885939892 0.1414882499300081 0.028684942558154736 -8.361817904756208e-10 1.6333755299650718 -6.419282883030064e-10 1.6330461756042878 1.631312351381328
0.9998358793385957 0.016736670208299182 0.00693529073328927 -0.006075692311401814 -0.05087548551028358 0.998686522857413 0.017067523257748626 -0.9985647544573317 -0.05076544893344934 -0.027749687352813232 0.14154757313623323 0.02850315262611905 -6.832090448938288e-10 1.6463006425849986 -7.491411935234282e-10 1.64606524930457 1.6400412266790303
0.9997810309334586 0.018892216478358165 0.008998574451855158 -0.008026676279347309 -0.050904512995217074 0.9986712687489444 0.019325181850044556 -0.9985248192775454 -0.050741724775652634 -0.028296601996148703 0.14133425657668822 0.02842481500862959 -4.857279023440242e-10 1.652357543864981 -8.698357589764782e-10 1.6521310294275144 1.6491902670740055
0.9997529652060937 0.0176297203824673 0.01353519563430945 -0.012846281695650772 -0.0386206738037302 0.9991713649827749 0.018137850154276842 -0.9990984118264736 -0.03838465679928785 -0.02843784973884684 0.14186333127006268 0.026911180919480776 -4.190434665929388e-10 1.6480653549121733 -8.610756552229759e-10 1.6481228633936693 1.6458413636787048
0.9997456405689024 0.0146618078727726 0.017137256296645784 -0.01655886223573888 -0.03870030250106344 0.9991136525279714 0.015312029419147643 -0.9991432920138273 -0.03844767585744385 -0.028166770542941436 0.14180066587459425 0.026795266449160388 -1.2331291543432599e-10 1.6451031967855325 -1.0522276383539975e-09 1.6451055334226625 1.6433561576479265
0.9997075046334697 0.012417782962287327 0.020753405643959874 -0.020282439487991976 -0.036920976129278034 0.999112338113226 0.013172996164015339 -0.9992410320778279 -0.03665831398332483 -0.027897094903314913 0.14190986433002625 0.026498546730216926 1.8543477864341185e-10 1.6421694873875685 -1.204408128785417e-09 1.6420660542367038 1.6405696762703617
0.9997146242128289 0.010686202647860516 0.021365280432778647 -0.020986444428913297 -0.03438828845979131 0.9991881778559223 0.011412242778461609 -0.9993514150136453 -0.034154209476877195 -0.027171994164356086 0.14173601200064279 0.02617307922518297 4.3238834734893317e-10 1.6437298930374462 -1.3244996210914906e-09 1.6435387698190498 1.6403657567483068
0.9996571661612873 0.008280047546154598 0.02483930262744263 -0.02455986073318352 -0.032295510121890074 0.9991765676129186 0.009075427436263786 -0.9994440658879316 -0.032081081313584114 -0.026862240438280213 0.14179647765019587 0.025875437095331355 9.669989253779931e-10 1.6446665683629398 -1.6882868436596254e-09 1.644145150609253 1.6421644361951548
0.9996262606266009 0.010330351161624491 0.02531052963800234 -0.02507770991543347 -0.022076839734332002 0.999441704959695 0.010883360284215585 -0.9997029043632022 -0.021809527200327288 -0.027256801531407436 0.14137607671362126 0.024882351200026548 1.3164900281026348e-09 1.6431241858552355 -1.8191173012382933e-09 1.6430220819965466 1.6405884340166574
0.9996896205972634 0.010759098748525266 0.022470074860105584 -0.02217523185686907 -0.026780952826107075 0.9993953370202504 0.011354363134644146 -0.9995834244123125 -0.026534055060644695 -0.026951230216173693 0.1401720635894004 0.025194721092003325 1.5518972773520545e-09 1.6490020529395526 -1.823869055783689e-09 1.6475920626621017 1.6453141676964416
