0.9278588416516532 -0.3727628113379827 -0.011218576213401903 -0.02824787711038102 -0.10024500232250777 0.9945617109803279 -0.371860225632709 -0.9224959761390636 -0.10354296982232482 0.025928144286326456 0.14033191770628373 0.03578722701862147 -1.3793881592505386e-09 1.3194686515201735 1.4074874599145915e-10 1.3185313720106784 1.3170760919074045
0.9287948635834682 -0.3703499373317259 -0.013454564257283589 -0.03648589233527172 -0.1275107931462803 0.9911658676990978 -0.36879381914759035 -0.9200988650952642 -0.13194391766557922 0.02447552806124441 0.13789684201118008 0.08077173382672947 -1.7755681369635568e-09 1.311327110113278 6.564881971371506e-10 1.311281063096554 1.309877385384974
0.926526448953671 -0.3760854329775587 -0.010415684873434257 -0.037358958419504956 -0.11951478350557837 0.9921292883235654 -0.3743702012915961 -0.9188449072752686 -0.12478376801168042 0.025458376186435913 0.13784027474073707 0.08914672009616298 -1.356553980258468e-09 1.3156291031885363 -1.7823520437332263e-10 1.3156232598952275 1.3135605865035185
0.9412640248597829 -0.33766365152489625 0.0023008571523513094 -0.001984991054856343 0.0012807125105616006 0.9999972097890962 -0.3376656561086339 -0.9412659657155032 0.0005352292845524409 0.018009552255077985 0.1377754193471123 0.07205756198209523 -1.023481743800403e-09 1.3108701225769597 -6.353806369929771e-10 1.3108337398715229 1.3103148162445803
0.9393161474405624 -0.3430009724986316 0.005958860831807772 -0.009812662292845303 -0.009501101853491095 0.9999067160101968 -0.3429123602557167 -0.9392869965716351 -0.01229029109870823 0.019235958221417264 0.13866535978634292 0.06948911835767829 -7.612435126702621e-10 1.3144006679053248 -1.1133707289445738e-09 1.3138639826319958 1.3124007377239835
