0.999984197413731 -0.005570268956495722 0.0007596226487822789 -0.0007592767146215767 6.421811428898005e-05 0.9999997096874101 -0.00557031612091059 -0.9999844838695179 5.998772396384233e-05 -0.013382412556332495 0.18493028755681115 -0.005963417934704673 -5.080821972036631e-06 1.4327245385964842 -1.8447918748165648e-09 1.4330227998272242 1.4263691792023003
0.9999834461539449 -0.005374498253944891 -0.0020547959993039086 0.0019612509867218205 -0.017353084649560112 0.9998475003457837 -0.005409335693733079 -0.9998349789948657 -0.017342256649264556 -0.013202286705062833 0.18635178631847593 -0.004968897709762443 -5.0803730653470325e-06 1.4299900719227132 -2.2441311031684563e-09 1.4304705440050398 1.4203887337885694
0.9986424418943212 -0.04394120098651137 -0.02797220233035398 0.025645112682999086 -0.052658606874210354 0.9982832260022922 -0.04533874108114966 -0.9976453487978233 -0.05146024270488913 -0.006770502279187511 0.18794732609891182 -0.004094083422152089 -5.078845819461719e-06 1.4242758296573248 -3.3954883349451848e-09 1.4300986067554966 1.4175002360241278
0.9996092767823147 -0.010549482384743378 -0.02588440055616103 0.0246995742104861 -0.10014026449547579 0.9946667072243832 -0.013085289624555135 -0.9949174015204428 -0.09984056964606808 -0.011989454201262961 0.1864469811692034 -0.0017945426250967067 -5.0773291642158824e-06 1.423341592071199 -4.276849097095692e-09 1.4278726700393234 1.4175438337468949
0.9977891746597616 -0.06602722275070938 -0.007561004405502371 0.0030878995146266103 -0.06758736899195751 0.9977085809139523 -0.06638695510700418 -0.9955261691229284 -0.06723405969482593 -0.0033047079132420823 0.1887335816896541 -0.017021957492079215 -5.076836396611384e-06 1.4260824648899915 -4.488164506710746e-09 1.4266313065575291 1.417809999974022
0.9953566139968303 -0.06747827801152495 -0.06864322959596503 0.056663421407989495 -0.16571294215985477 0.984544807246001 -0.07781045975385069 -0.983862745913943 -0.16111992290083316 -0.0005497351798869243 0.18329869486951852 -0.003155991686370707 -5.077999283287227e-06 1.418815463123086 -4.245207740893875e-09 1.4186382896811347 1.4085260467220566
0.9988468932508279 0.017268051091140806 -0.04479618571578241 0.04679107774051472 -0.14129747524700023 0.9888607680218204 0.010746110321889718 -0.9898165678045286 -0.14194253489568467 -0.01602624979567898 0.18927746990190067 -0.006737530077814163 -5.077373586459544e-06 1.4174158965323151 -4.822029886497603e-09 1.428355413309121 1.4143298255760097
0.9961068925892491 0.08804788881950132 -0.004315994742674703 0.005690385235478448 -0.015364554259226452 0.9998657659847582 0.08796975646244512 -0.995997740834207 -0.015805764805730513 -0.02869345111630512 0.19106702312144686 -0.005773719846342701 -5.076322227459684e-06 1.4249893205539221 -5.8044529183121085e-09 1.4262581340123424 1.415667108834132
0.9990994564598997 0.021711754102513192 -0.03645374926293772 0.03937568523028664 -0.15439586186540433 0.9872241251364781 0.015806059413355306 -0.9877704781843963 -0.15511173686472113 -0.01673786021142024 0.18755467722319918 -0.0025198017637493852 -5.074709696017976e-06 1.4219246425797643 -6.973827737510874e-09 1.4310166105006425 1.4169986491465494
0.9970151411653052 0.051732058131739055 0.05731145128664121 -0.03910310120905228 -0.3017140464068307 0.952596232239374 0.06657143353542337 -0.9519939224397765 -0.2987905886649837 -0.02499692495383633 0.18565623365525868 0.005823593044436665 -5.073652382669991e-06 1.428941010429785 -7.895834208682118e-09 1.4219705875517432 1.4177036191088401
0.9997529659236778 0.012507619219973535 0.018372985284309473 -0.014596449185182658 -0.25392075523182145 0.9671148813526167 0.016761586977183416 -0.9671441513672868 -0.2536754613242217 -0.016901444252506722 0.1883658126077665 -0.00025794354064420655 -5.072427192054363e-06 1.4280896637564098 -9.216613250373484e-09 1.4260200895617894 1.418879306308403
0.9673982111741134 0.2122817986370314 -0.13812001659626563 0.21667244375840244 -0.4113627649612822 0.8853438471685285 0.13112495236562627 -0.886406855552706 -0.44394721904329626 -0.0415518865979427 0.19773412706695181 0.010169030001933727 -5.072396227490117e-06 1.4656544229741852 -1.0143599737943987e-08 1.4509603016854173 1.4492172106120016
0.9919235175598219 -0.12683743255145266 3.186699379726688e-05 -4.2805762512458144e-05 -8.35167399178956e-05 0.9999999955963105 -0.12683742933147257 -0.9919235145557896 -8.827159144997521e-05 0.007607589765922411 0.18153477352932265 -0.005054424828301124 -4.5196557607596333e-10 1.413520148103574 -9.197096417778994e-10 1.4133840866806908 1.4048212755916332
