0.9998896956427183 0.013681968355257597 0.005779298351700034 -0.00501826701800672 -0.05501827957232103 0.9984727366879067 0.013979039439397076 -0.9983916028567286 -0.054943551045815456 -0.02696552807499857 0.14136025574588895 0.02890160900846317 0.0 1.67851 0.0 1.67851 1.67851
0.9999655147419059 -0.008138845941121511 0.0016518213287146175 -0.0016630732240960756 -0.0013759188767939919 0.9999976705146346 -0.008136554209651732 -0.9999659324366963 -0.0013894069246361315 -0.022806550681910287 0.1498153400600308 0.022582045518781763 -5.282538850792662e-10 1.6462953734047803 -8.610507862272243e-10 1.645152558306422 1.639550091152949
0.9999041920324626 -0.013709254644383466 0.0019139208457415655 -0.0019627037649206304 -0.003545823313300302 0.9999917874317578 -0.013702355631039507 -0.9998997367106995 -0.0035723908008801946 -0.02184531425098715 0.14945900125357248 0.0228967107680145 -1.1501999352958592e-10 1.646668374447076 -1.1063541194289428e-09 1.6443785995716569 1.6387910638025227
0.9998419058271648 -0.017548616511800254 0.0028652068729224157 -0.002907871814969545 -0.0024062086454641474 0.9999928771953639 -0.017541597230884536 -0.9998431158029125 -0.0024568573652450467 -0.021108275712811774 0.14944791292364382 0.022683898977216593 5.895266497191187e-10 1.6478547405507955 -1.5295498201339797e-09 1.645315479282023 1.639866977838504
0.9997803770091037 -0.020695370362265767 0.0033014228907042005 -0.0033593899538589705 -0.002766827985643811 0.9999905295361731 -0.020686039898262922 -0.9997819993921008 -0.002835744145892694 -0.020634447927976474 0.14922582956416275 0.02271858133604629 0.0 1.66923 0.0 1.66923 1.66923
0.999711049756986 -0.02394023915095232 0.002163779836355028 -0.002221666583862868 -0.002391635455144501 0.9999946721245268 -0.02393493662776557 -0.999710530618361 -0.0024441316208298927 -0.02009613590863718 0.14888623313582391 0.022705458747008245 0.0 1.66983 0.0 1.66983 1.66983
0.9996560727775117 -0.02610935053280719 0.0024572288858140533 -0.002499717222005734 -0.0015948086238690132 0.9999956039899692 -0.02610531694602243 -0.9996578206567527 -0.0016595261189508482 -0.019712211171841656 0.14853569682886636 0.022643763517751048 0.0 1.67043 0.0 1.67043 1.67043
0.9996253537696761 -0.02733525861676326 -0.0013913077317593055 0.0013234008717191359 -0.0025021564432223496 0.9999959939036087 -0.02733863037868789 -0.9996231904320189 -0.0024650435146611237 -0.019475219982447972 0.14803789333629783 0.022668259869118024 0.0 1.67103 0.0 1.67103 1.67103
0.9995699836826474 -0.029237991398355933 0.0022332889785929423 -0.002264747942023402 -0.0010428906112046191 0.9999968916431351 -0.029235571440136776 -0.9995719344990448 -0.001108658832072912 -0.019180301308650827 0.14759774748086182 0.02251844397184105 3.341132703837957e-09 1.6483157462386862 -3.561545725005999e-09 1.64757564361702 1.642121572524446
0.9994724786001986 -0.032057475693490045 0.005204111157222925 -0.005263294861739818 -0.00176206532635651 0.9999845963078552 -0.03204781190617888 -0.9994844738053448 -0.001929863746286904 -0.01868536242893888 0.1471043135132541 0.022609414538355826 0.0 1.6747 0.0 1.6747 1.6747
