0.9886617328167959 -0.1320473390352156 0.07149460341458723 -0.0020047674042820876 0.46447352311314927 0.8855847374670102 -0.15014645840426946 -0.8756870711507493 0.45894247400744836 -0.10898148780016853 0.1515952220162524 -0.03358732735743712 0.0 1.51017 0.0 1.51017 1.51017
0.9995828863975282 -0.02877134618031614 0.002502570710005407 -0.002716777128143528 -0.007408451655213267 0.9999688664984067 -0.028751910253445166 -0.9995585648090085 -0.007483526824503204 -0.019276804967455395 0.14774923490336556 0.022827375307204634 0.0 1.67155 0.0 1.67155 1.67155
0.999527124375731 -0.03073740448274712 -0.0008600016547482435 0.0012195198480324512 0.011679607223499065 0.9999310473959919 -0.030725240577128565 -0.9994592531668156 0.011711569096785748 -0.018769368517644568 0.14969945053825398 0.023819642306975475 1.433333451927865e-10 1.645873332452795 -1.4304326612091245e-09 1.6443597175712865 1.6393469802844516
0.9995768064738798 -0.02906205515534443 0.0012668502782149892 -0.0011574968675330541 0.0037792702352672175 0.9999921886282364 -0.0290666159103764 -0.999570464783067 0.0037440316347638093 -0.0194575261821094 0.14581706221809163 0.02214092519179342 2.9384228383833033e-10 1.6499373300349207 -1.4866810005287334e-09 1.6492667593562063 1.644012694506265
0.9996268060093085 -0.027312956668415465 0.0005011044374682236 -0.0007050749515370297 -0.007458784145881511 0.9999719343103475 -0.0273084524816165 -0.9995991041097899 -0.0074752582540597206 -0.019862124163474822 0.1450220081322801 0.02641246801497163 2.3867841036917525e-10 1.653826997016326 -1.5624168625549828e-09 1.6547460496303827 1.6484894776021353
0.9999980855994753 -0.0018706638311711966 0.000573946177862699 -0.0005824396358091108 -0.004542966444296513 0.9999895110549695 -0.0018680367916542341 -0.9999879309635276 -0.004544047295999715 -0.024157797339640963 0.1443383807574077 0.021881559831517128 1.332463028802522e-10 1.6526099738610798 -1.5527499286349666e-09 1.6528177868993899 1.6455586946038476
0.9994082708226022 -0.034395998614512494 0.00015326671835287804 0.0008978209341002647 0.030540902137857835 0.9995331146161073 -0.03438462052934118 -0.998941524102345 0.030553711642564207 -0.018295108893333967 0.14700610084056165 0.02122921802270636 4.4873793569877307e-10 1.650099907931014 -1.7747394664979765e-09 1.6492748184613246 1.643961662463835
0.9999549085819556 -0.009465559060216828 0.0007641953481904578 -0.0006678240469452556 0.010180237930925054 0.9999479570291206 -0.009472846134872587 -0.9999033783057978 0.010173457561602529 -0.02259791897778485 0.14993424990346568 0.020684494722891716 6.61844801186362e-10 1.6477070413799 -1.886848899346205e-09 1.6466567569432167 1.6411118198177554
0.9984191331952118 -0.056206974015869375 -0.00010267278679554348 -0.0003679013431979383 -0.008361754725350109 0.9999649722397854 -0.05620586373612131 -0.9983841230357645 -0.008369214526112553 -0.014849163026970726 0.13711417972405407 0.029207389588196436 8.592611067115286e-10 1.6605925645748147 -2.133025311934489e-09 1.6610022243009963 1.6569104941191117
0.9995363017631401 0.030259075441429147 -0.003401442502050489 0.0020447618437812107 0.04475396427648321 0.9989959467538101 0.03038092175473075 -0.9985396692345123 0.04467133933926498 -0.029603484100235423 0.13574262229320536 0.018316348972234747 8.037064347377054e-10 1.6610083240570175 -2.33324204401697e-09 1.660952764761718 1.6538241638543596
0.9998158547395887 -0.019165349232895573 -0.0009726253784329807 0.0011073557509777947 0.00702053599885178 0.9999747425997965 -0.019158036814517276 -0.9997916790327225 0.007040466060114589 -0.021072127498741537 0.14608296641965046 0.022822035799996837 7.391562917291594e-10 1.6510043886813186 -2.2380417519229923e-09 1.6506548372830698 1.6433154895107167
0.9993529013713267 0.03588594268857623 0.0024449208705562345 -0.0007508724968771918 -0.04714422752239792 0.998887810518183 0.035961294626368656 -0.9982432674096373 -0.047086774790028964 -0.030559135669064725 0.13796019351746047 0.030243152461984446 0.0 1.67658 0.0 1.67658 1.67658
0.9991531806793755 -0.03998624799726212 0.009696468913418944 -0.011804967920399033 -0.05283624159859344 0.998533411712464 -0.03941527966012418 -0.9978023008316009 -0.05326353522324336 -0.01809825238220105 0.13328065059405605 0.01978993073649965 0.0 1.68427 0.0 1.68427 1.68427
0.9994783420786769 -0.031810838609135146 -0.0055780160131195244 0.008086119822668512 0.07926924707652552 0.9968204457845624 -0.03126752919359808 -0.9963455510087372 0.07948512189852379 -0.019481721923929315 0.1283711580913105 0.03031689757648226 -1.0416911777610949e-10 1.6697858146515108 -1.6241044065168353e-09 1.6712468450245481 1.6659444327400994
0.9997843047365507 -0.01977585931045021 -0.006345028840350472 0.007788928963037543 0.07381332049004055 0.99724165892919 -0.019252963098192282 -0.997075979605751 0.07395143206978352 -0.021246725749933738 0.14540896808995768 0.0298100270551499 3.879581100818541e-10 1.653065100132701 -1.8621690855979978e-09 1.6502441551111904 1.6464670422271679
0.9997112525350614 0.02402935329672546 -4.16523618542268e-05 0.00018951409176284212 -0.006151135035317465 0.9999810636318 0.024028642058741542 -0.9996923295283997 -0.006153912811735203 -0.028102683289068425 0.1285128287795322 0.03643786939857108 5.314459983196684e-10 1.6711903572610938 -2.216598460336172e-09 1.6722369602278695 1.6635502806771658
0.9990774446911349 0.042936074544531515 0.0008677627204340052 2.084925703117052e-05 -0.020691387674948044 0.9997859101034549 0.04294483757963257 -0.9988635342121522 -0.02067319391065482 -0.03184451387572897 0.1361295570708928 0.008766288200258598 0.0 1.68074 0.0 1.68074 1.68074
0.9994715031156923 0.03047021034717034 -0.011326108822443868 0.008963124270167464 0.07659904020121523 0.9970216895552324 0.031247029666452826 -0.9965962840195883 0.07628544956524812 -0.029336269001858442 0.12018372937599271 0.03642126310357277 7.875708973870132e-10 1.678784225848358 -2.509746188650297e-09 1.6790184446921108 1.6714180894961999
0.9991784191096437 0.04044219616032447 -0.0026297443380199365 0.0013230059314156429 0.032304144708324656 0.9994772092899212 0.04050600499751797 -0.9986595370817791 0.0322240989749534 -0.031237931279126982 0.13434422786199335 0.023261267633680388 7.067875174016081e-10 1.660243617702748 -2.5784325785593865e-09 1.6608163851209294 1.6532880294162338
0.9997151222862182 0.023054737682068633 0.006176839212968549 -0.003918869905591399 -0.09672949135555012 0.9953029930432037 0.023543931934044304 -0.9950436596313288 -0.09661158676151392 -0.028631313424586156 0.13418565724022719 0.030730494646965756 8.702789600079086e-10 1.6602166888381733 -2.8237518989726595e-09 1.6604448048100489 1.6545098265620508
0.999802032955152 0.01814346518764844 0.00816759265204759 -0.007104396704674776 -0.05791005672464957 0.9982965255261639 0.01858554401161825 -0.9981569215314458 -0.05776969406756231 -0.027247369214907047 0.11575354233864883 0.02372520435297215 0.0 1.71232 0.0 1.71232 1.71232
0.9998807069279145 0.012876302298815041 0.008530694722190382 -0.007303111926886846 -0.09254344038084301 0.9956818649541935 0.013610160525028326 -0.9956253876240736 -0.09243836351264595 -0.026689553256239115 0.13031818158939407 0.021849802127962503 9.620277907629315e-10 1.6656331950185415 -2.7742457220369943e-09 1.6649366390408709 1.6596339471383992
0.9977387295125917 0.06719731115058683 -0.00139606759520558 -5.7244835456739945e-05 0.02162075562939078 0.9997662425032379 0.06721178731166116 -0.9975054206870986 0.02157571195179053 -0.03603862369064312 0.1403950253014202 0.006717095277547325 6.599991664302252e-10 1.6506142112301259 -2.533281140415511e-09 1.6511520400974797 1.6426280101071482
0.9999822425248858 0.005951429478723519 0.00030841864483057563 -0.0002975281070201827 -0.0018307014673005781 0.9999982800031023 0.005951983864748939 -0.9999806143217465 -0.0018288982411179622 -0.025365907243919777 0.11011099874183941 0.02249377322359397 5.330518249024863e-10 1.7051507876319807 -2.4161153078239295e-09 1.7054339309150173 1.698640351581087
0.9992274799873315 0.03859579314073408 0.007403241857785597 -0.00572010586368113 -0.043538772222370306 0.9990353625884706 0.038880890255696125 -0.9983059351046684 -0.04328436562684377 -0.030454573107713614 0.11957817322838443 0.03983276622537704 0.0 1.70176 0.0 1.70176 1.70176
0.9995995585315873 -0.027217221075257918 0.0077424453757432565 -0.009808200418970348 -0.07660412695274765 0.9970133434103822 -0.026542829314094244 -0.9966900373790979 -0.07684040344281776 -0.020263411882282933 0.1216390270911156 0.016946184004549253 5.970859362491865e-10 1.6809946482690714 -2.267391607801983e-09 1.6810592158434918 1.6777694967815577
0.9999063220031658 -0.002449603075371334 0.013466501508373196 -0.01352558518025182 -0.02595792205241404 0.9995715306211219 -0.0020989910989900294 -0.999660035075672 -0.025988622681327928 -0.025413382525259286 0.11075200487715167 0.05126051307170196 6.645688443995823e-10 1.704766876116305 -2.155066347597767e-09 1.7048999096918092 1.7002119689161503
0.9996819772651362 -0.00759269946052923 0.024047770087259397 -0.024901694083769126 -0.14666682998151032 0.9888724622593821 -0.00398120120390648 -0.9891568085486125 -0.14680925767436193 -0.023895423895588908 0.11433037576751653 0.004639410762373369 1.001655647314692e-09 1.6945952552702952 -1.7970869237160514e-09 1.694260693386716 1.6910625119771687
0.9963878919077512 -0.08491016887233345 0.0011966961600561599 -0.0021865315709142796 -0.011565402980747585 0.9999307278674769 -0.08489044669052621 -0.9963214866075935 -0.011709286259981728 -0.009002441532887668 0.15270187004285463 0.006728153449876345 1.0911724857010086e-09 1.6352511466311803 -1.784556502570922e-09 1.6344682397979566 1.6304250037616894
0.999891877481419 0.0038089826977985223 -0.014202992554075838 0.013402476571096528 0.1613491566316573 0.9868063757779508 0.006050369281661319 -0.9868900350621953 0.1612806613531044 -0.02543598401417802 0.1280257713502148 0.05145091363006321 0.0 1.68669 0.0 1.68669 1.68669
0.9966552915423784 -0.08094698339377421 0.011216760674309795 -0.02321610815542574 -0.14885949205079513 0.9885857898778917 -0.07835331622013376 -0.9855396681543708 -0.15024087437006087 -0.011243471376480504 0.1340576168476445 0.052256438685942555 1.6680949954661628e-09 1.656366943814076 -2.341452365328678e-09 1.6576257949773776 1.6543298920902352
0.9913442480470323 0.13124615021392386 -0.003321132049231512 -0.007983456807009945 0.08551271595035037 0.9963050937479971 0.13104520701450667 -0.9876548098727705 0.08582033706357878 -0.048342974671893586 0.14790846635216265 0.019440240186607616 0.0 1.6601200000000003 0.0 1.6601200000000003 1.6601200000000003
0.99880656257488 0.04817623004316861 -0.008031277369142997 0.0004674645261958099 0.1549998370417264 0.9879143849514261 0.048838837355829424 -0.986739125288881 0.15479233375676224 -0.03370387930289869 0.15501677904311478 0.004458016114263608 1.7878010183380866e-09 1.6398231213109824 -2.4331212600259278e-09 1.6401861232846997 1.6317080451597326
0.9997165367657175 -0.02217738502896423 -0.008660814652036844 0.012107641574162489 0.16034823602841505 0.9869862452020733 -0.020500027626114917 -0.9868113329283633 0.16057129902780182 -0.020764399723245928 0.1463419017470685 0.048415135989632124 1.8566321813295872e-09 1.6481129221008768 -2.477409388745855e-09 1.6467169364894723 1.6419713678779093
0.9962089402641221 0.08675453796919518 0.0064340873157180956 0.005802086127044456 -0.14005779545812455 0.9901263301861963 0.08679909639166279 -0.9863353709936401 -0.14003018529027664 -0.0403828679099081 0.14939839649593967 0.0208617718277066 0.0 1.66334 0.0 1.66334 1.66334
0.9990671139749701 0.04203604729072615 -0.009893053214054676 0.005154424636533261 0.11137476685474172 0.9937651096786997 0.04287579364152436 -0.9928890330929351 0.11105419525342414 -0.03168344301012131 0.13303531172384667 0.02495599162417031 0.0 1.681 0.0 1.681 1.681
0.9996897389588858 -0.022205148161667732 0.011285265412608792 -0.013757812588123641 -0.11455189114102753 0.9933219955426358 -0.020764113588224872 -0.9931690669926913 -0.11482184441892024 -0.021333616369492756 0.11935137539062604 -0.0007156971299360215 0.0 1.70302 0.0 1.70302 1.70302
0.9981373213762783 0.0610005485338014 -0.0009059549454436926 0.0003455693388373718 0.009196489852009857 0.999957651681427 0.06100629686860112 -0.9980953650092647 0.009158279827723706 -0.03480775993249428 0.1301395196182643 0.014923805944811047 0.0 1.68896 0.0 1.68896 1.68896
0.9995272571228355 0.0252882497518416 -0.017486185775904967 0.022763423734496996 -0.22639565896432945 0.9737693937180356 0.02066612707753237 -0.9737070966294716 -0.2268642791737381 -0.028441860800665436 0.16999378457530082 0.04191693024734508 2.7445175021512114e-09 1.6442386344586035 -3.771799761409511e-09 1.6451239384408298 1.6377951195645881
0.9934827561994081 0.11372227945363833 0.0076978107469672374 0.005191775314936337 -0.11261362982358049 0.99362528945626 0.11386421124965804 -0.9871096258946248 -0.1124701198659763 -0.046284237622839015 0.16316131164781578 0.0029868927300838455 2.9554669822573487e-09 1.6299352854546134 -3.9811203222939184e-09 1.6307496962230354 1.6238430814964966
0.997028336452445 0.07678511270075561 0.006208283047875046 -0.000516100444653167 -0.07393003479132232 0.9972632970264599 0.07703395323622762 -0.9943029701370131 -0.07367071077105586 -0.03791266019852921 0.14053274660117324 -0.035995434913923555 0.0 1.66977 0.0 1.66977 1.66977
0.9993003191419771 -0.03606910394689094 0.009894033717897238 -0.014141108872468788 -0.11946611301927101 0.9927375669732277 -0.03462515274478217 -0.992182880108569 -0.11989258199265443 -0.018945693079012435 0.128655286245933 0.061006351112666696 0.0 1.69336 0.0 1.69336 1.69336
0.9972081786142568 0.0720959309544868 0.019442871306529372 -0.004123315217262471 -0.20681533044626574 0.9783713085347611 0.07455767416205715 -0.9757200396795218 -0.20594066473461894 -0.03700343076565181 0.12987903237121573 0.06158004093280012 3.307147444786551e-09 1.658026465733676 -4.071202042155164e-09 1.658062642019849 1.6492510549906472
0.9948837373892073 0.10097090973111326 0.0033502935027114322 -0.015361796582742004 0.11841905654994876 0.9928448732060665 0.09985171147373183 -0.9878166846302463 0.1193642881345807 -0.04358311433308537 0.1711265378467795 0.05444380446929195 3.733589437615592e-09 1.6459203460205005 -4.56311521901398e-09 1.6453360667837975 1.6383076572850008
0.8020103839715541 0.03264002198142426 0.5964176162445679 -0.2491472275299143 -0.8892151252070103 0.3836953480526419 0.5428673898991886 -0.4563234489571329 -0.7050275930174007 0.05791546526297708 0.06864268354930175 0.293677932396296 0.0 1.48175 0.0 1.48175 1.48175
0.9988504035712218 0.006412922240843316 0.04750521775489879 0.004797029973062404 -0.999408574039744 0.03405129423800053 0.04769549023801929 -0.03378426503830213 -0.998290420492342 -0.034890918043092745 -0.01938048152265808 0.2326073252271653 1.035002438865007e-05 1.6401407927113407 -2.8052324907434922e-09 1.642812221289688 1.635087864307594
0.9981669918970763 0.03966824021266476 0.045706531322913184 0.03797888180578742 -0.9985838317624828 0.03725500609770199 0.0471196437160145 -0.035450834418784986 -0.9982599749138938 -0.03468351009570779 -0.01593799789278786 0.2326236886872694 0.0 1.66949 0.0 1.66949 1.66949
0.9988080193981387 0.026164532199950907 0.04120628156877737 0.024663931132644885 -0.999028753774145 0.036513554107521835 0.04212162018550311 -0.03545372176847596 -0.9984832510992419 -0.03362276391996661 -0.016994480823914748 0.23632834076124545 1.0351302678124341e-05 1.6460528355676178 -4.505396056231348e-09 1.647652821239765 1.6391738574287666
0.9977878068353312 0.04968646407534247 0.044167270896327326 0.04847758574031902 -0.9984307991365863 0.028033248407335967 0.045490836566608406 -0.025830110785033188 -0.9986307571696872 -0.03443201371869216 -0.016840953871671796 0.23290908475152156 1.0351886198911586e-05 1.644705665208268 -5.30230082063099e-09 1.6459453238305137 1.6385081939503898
0.9986129508412878 0.03938607532320663 0.03494154379374846 0.0372401647372837 -0.9974990435378817 0.06007352387992066 0.03722021685046609 -0.05868897010210794 -0.9975822072621174 -0.032633879576915756 -0.012197394932533374 0.23000008210864883 0.0 1.6745 0.0 1.6745 1.6745
0.997999160144009 0.06319364008846362 0.0020591756171076114 0.06313766661481107 -0.9977899632054281 0.020708075259354558 0.0033632434180917714 -0.020536630173420493 -0.9997834442592209 -0.026342395189327683 -0.016566347583389845 0.23617065046209768 1.0353361948212125e-05 1.6508001350176151 -7.400440260596497e-09 1.65187047554027 1.6432658024367361
0.9981715192678409 0.042394389163905484 0.04308519339575349 0.04015062863632969 -0.9978566552347172 0.05167226164868535 0.045183460941341055 -0.049847882314116326 -0.9977342549427479 -0.03415521623977331 -0.013171234575454452 0.23475650001630202 1.0354184434291369e-05 1.6497555902796437 -8.457591071930892e-09 1.6515360111894664 1.6422661003719865
0.9988213649037697 0.009941783710627304 0.047508335567791216 0.008395219251352289 -0.9994318187378054 0.03264291635507105 0.04780587103580976 -0.03220559937485322 -0.9983373167739519 -0.03461690623445605 -0.01923285718382893 0.23595438515190786 0.0 1.67058 0.0 1.67058 1.67058
0.9969771972318139 0.07603428207434205 0.015976737753262485 0.0751260314173299 -0.99585239013112 0.051323449549089115 0.01981281411812824 -0.04996803998132122 -0.9985542786334379 -0.029519936280628135 -0.009890720294116757 0.23253156907014882 1.0355629362912566e-05 1.6516714605355398 -1.0173790698786433e-08 1.6514816513901494 1.6438185200704458
0.9917429469510012 0.12181832619598264 0.040077706717735986 0.11839887583996314 -0.9898334974994732 0.07881214010413068 0.04927101960358324 -0.07341622866076206 -0.9960835426792543 -0.035185305381450385 -0.0027691589171586 0.24198461561670873 1.0356459907434612e-05 1.6527760636486164 -1.1370927310849765e-08 1.6541992296217858 1.6452108933574392
0.9840927471123319 0.17101030052019978 0.048134625758335506 0.17203681412585334 -0.984925544563842 -0.01802792974930991 0.044326060803218784 0.026022082576350795 -0.9986781521351406 -0.03456889719231762 -0.01803688736371187 0.2390322749731768 1.0357089814228004e-05 1.6555505944851667 -1.2272785454570112e-08 1.6555621829855873 1.6469199934137722
0.9990260556844708 0.04380125714692287 0.005328220704683528 0.042778475489709394 -0.9910656051373482 0.12632881044527372 0.010813976988370846 -0.1259778400596339 -0.9919741134301863 -0.027615585656638776 0.002043628109889978 0.22982716821667667 0.0 1.67225 0.0 1.67225 1.67225
