0.2415724419627818 -0.49793059325033096 -0.832891277172184 0.9664886010761231 0.046642505094929496 0.2524366469203476 -0.0868477937201471 -0.8659616625600944 0.49251178635856 0.1988243985273134 -0.6126711431990197 -0.6403271146464222 0.0 1.50979 0.0 1.50979 1.50979
0.999968756851325 -0.007434727471403468 0.0026851719947847646 -0.002768034160634336 -0.011157519315794421 0.9999339216916301 -0.0074042763387909254 -0.9999101132552586 -0.011177750299375445 -0.023163651055133648 0.14753496412467362 0.02294072203669778 -3.5851588364721465e-10 1.6565633988705946 -8.679252871957033e-10 1.6562656856660318 1.6543977554456717
0.999992481589663 -0.003865852163913269 0.00030323455271139693 -0.00028832979261781723 0.0038554659871590895 0.9999925260960466 -0.003866992381409608 -0.9999850951734572 0.003854322359831047 -0.02385672014031729 0.14619331718098888 0.022279553116604317 -2.810107702089226e-10 1.6572550897885048 -8.941434259668313e-10 1.657167051751391 1.65427288108115
0.9999780994184508 -0.0061135525098467616 0.0025347897688464036 -0.0026554864582703022 -0.019815841148907137 0.9998001204396963 -0.0060621015442538645 -0.9997849553355314 -0.01983164162636392 -0.02364749464220018 0.1446685866379817 0.025441763344976748 -1.8279688873690247e-10 1.6622814449095529 -1.3112178010032949e-09 1.6634392393238162 1.6597804744666433
0.9999696155372382 -0.007262923152173051 0.002831598416713467 -0.003006694320495454 -0.024211659087226525 0.9997023333740434 -0.007192203526806365 -0.9996804717065995 -0.024232760818764423 -0.02324371502287477 0.14234039182771446 0.019077874803143297 0.0 1.6757 0.0 1.6757 1.6757
0.9997326469569948 0.02283188819216722 0.0036523266476346378 -0.0025517379923552935 -0.04804861137482662 0.9988417390048183 0.022980932130334003 -0.998584015407082 -0.047977504435826226 -0.028522770339649606 0.13625930510223694 0.03110001182028549 -9.747314066999024e-11 1.6694510214469593 -1.4602932196794427e-09 1.6693134284952649 1.666711815096094
0.9997163606387547 0.023798743891941587 -0.0009044668977995357 0.0009061101900667209 -5.8265956938895365e-05 0.9999995877846157 0.02379868138210392 -0.9997167680869639 -7.981371477136512e-05 -0.028599247243599718 0.13697171733492117 0.021753965816496246 -1.0657164040139833e-10 1.669322389807724 -1.396195159486524e-09 1.66890409383881 1.6663161839727456
0.9999255083260123 -0.011957741336553578 0.002447492817984828 -0.0026916721972355083 -0.020446956344128138 0.9997873158212419 -0.0119051543353557 -0.9997194278388258 -0.020477619536019447 -0.02219737402835071 0.14823633671895187 0.023902112789678687 0.0 1.6698 0.0 1.6698 1.6698
0.9999966119722411 -0.0006370320443603822 -0.0025239322917735745 0.002549517049135256 0.04399861271472139 0.9990283389584081 -0.0005253635457167077 -0.9990313890310726 0.0440000877702581 -0.024309474342253955 0.14680643485034717 0.01770405718068696 5.040758921381894e-10 1.6601401220749583 -1.4386936086907554e-09 1.6596687437816904 1.65658901704486
0.9994798905476706 -0.03224579845555484 0.00039607168553679184 -0.0010458902701622613 -0.020137666664657793 0.9997966695757923 -0.03223126594409731 -0.9992770801250604 -0.020160918440735927 -0.019133247275393464 0.13490545096790446 0.028677555865311538 1.7251888806413263e-10 1.6743903714545247 -1.8822570169163555e-09 1.6752269299919975 1.6730060225916787
0.9999782028827402 -0.006581592326364987 0.0005257393414924874 -0.00040437770434397966 0.01842732474923464 0.9998301206611345 -0.006590162219391034 -0.9998085398440223 0.01842426163748043 -0.023594443460733076 0.13168673766211053 0.016266638417906265 -4.0614001051153537e-10 1.6758041983722602 -1.9205126378096793e-09 1.6759212691905132 1.6747048354334853
0.9999362852426826 -0.01021885019935402 0.00479588945532812 -0.005452088763513975 -0.06518575989319918 0.9978582521757592 -0.009884340300663975 -0.9978208214943951 -0.06523732067667495 -0.02277321496310995 0.14317493009008864 0.019152683509099377 -2.2710366920364322e-10 1.6625998217064204 -2.3275896765539983e-09 1.6629664064386587 1.6605091074967246
0.994431922750499 0.1053700495828413 0.001517783138410736 0.002372896058019866 -0.036788774657439 0.9993202466794626 0.10535426132361002 -0.9937523528073349 -0.03683396409352037 -0.04373976060652031 0.14981992420711415 0.03224069140740343 -3.192628383885676e-10 1.6434722860740365 -2.5534383496506052e-09 1.644613392639278 1.6414963888789398
0.9984607002144951 0.055463740520734356 6.0121783848478966e-05 -0.0015367898222142864 0.02658175881714485 0.9996454613387836 0.055442478337666176 -0.9981067996891094 0.02662607763343348 -0.033593470005398085 0.12788223423943995 0.020717475090927445 -5.078968356997393e-10 1.6714508889822133 -2.727955639159063e-09 1.6720052888497863 1.6700862440658746
0.9990577967625246 0.043343030245688495 0.002213697615150223 1.1298849567110969e-05 -0.051267175727720715 0.9986849736354497 0.04339952304283986 -0.997743984407836 -0.05121936135515237 -0.032447946287027955 0.14639694135877315 0.03672934218905308 0.0 1.66217 0.0 1.66217 1.66217
0.9989738865476345 0.04520399148081202 -0.0027880369646686165 -0.00014034721098891978 0.06464932829358493 0.9979080341663998 0.045289670992115325 -0.9968836760151061 0.06458933500226635 -0.0323720727929296 0.13989597665823086 0.03529442714437306 -7.785567746054767e-10 1.658981457232004 -2.5663133840225782e-09 1.6590598897160964 1.6564061688890206
0.9997427485257205 -0.021822612180440664 -0.0061814535394424525 0.008062933840673116 0.0872104437170746 0.996157280555913 -0.02119966669830286 -0.9959508582778035 0.08736396298009735 -0.021252930959388305 0.13008037252291238 0.013534410467813757 -7.760139197898752e-10 1.6730938638797577 -2.924556596894945e-09 1.6735568048001745 1.6723370144674448
0.9974650344946241 0.07081382974600675 0.006993316619604565 0.0009485368001426655 -0.1115013469684861 0.9937638300432109 0.07115198689128253 -0.9912380395953925 -0.11128586442359115 -0.03742364508412416 0.1415549240079405 0.01749480507909082 0.0 1.66682 0.0 1.66682 1.66682
0.9973443634177587 0.07251381769071959 0.006779896956681672 -0.00038869797367298287 -0.08779089591285369 0.9961388495128095 0.07282904415623893 -0.9934961020752602 -0.08752956922408008 -0.03710061707383911 0.13934428590139328 0.038685513881319605 -6.566622801074118e-10 1.6560422135801902 -3.2693954210571974e-09 1.6569063625898997 1.6539723855415467
0.9994050667419228 0.03197188333312231 0.012934884874101799 -0.01001854147003936 -0.08974922929313094 0.9959140046550718 0.033002142315100576 -0.9954510909720389 -0.0893755228526895 -0.029903147520585368 0.12661461452080508 0.029636949826405024 -7.485549957664261e-10 1.6801508132641834 -2.930640619069891e-09 1.679728785511199 1.6784379097969282
0.9996341710847657 0.027040409848375375 0.0005832965843941273 -0.00042698130481361174 -0.005786216438249864 0.9999831685514987 0.02704332979939455 -0.9996175948504317 -0.005772553923487203 -0.028786075459048682 0.12001400772301443 0.033711588315329166 -6.332765423167075e-10 1.6914018601721157 -3.1571572023381123e-09 1.691688097439572 1.6900023235179376
0.9984308354998881 0.054323410458634036 0.013595359470719225 -0.004638094012966075 -0.16172447840825693 0.9868250509424171 0.055806404712382185 -0.9853396166600225 -0.1612187490131275 -0.03421162229684033 0.13385299227883807 0.03348411586666819 -3.056062070072585e-10 1.662807017467621 -3.353784805426585e-09 1.6628990833400739 1.661076361047419
0.9998182087710245 -0.019065559471687032 -0.00023206018889708468 0.0003700208091988316 0.00723290811605678 0.9999737737184837 -0.019063380982933382 -0.9997920731243154 0.007238647890544835 -0.021209975646284993 0.14127237751127428 0.030674456582415133 -3.482147903355326e-10 1.6622492147608519 -3.5690908006813515e-09 1.661982724481474 1.6607603361412382
0.9969848970821785 0.07524413131512438 0.018958789325000995 -0.0076488330673848415 -0.14784041665284892 0.9889816512739855 0.07721794054975004 -0.9861447824262645 -0.1468191327814972 -0.03735088843110921 0.1285421317019722 0.027553830947886465 -2.3519941549920986e-10 1.6693907152140408 -3.154128513926935e-09 1.6686869638773008 1.666335338682261
0.9998445143423789 0.004738644060155125 0.016985063789212204 -0.016443832111164916 -0.09727162815018377 0.9951220180171435 0.006367693848817899 -0.9952465903531061 -0.09717858233975321 -0.02537181956343785 0.11240837392888284 0.022836949786246313 -2.816031852148626e-10 1.7043947374187276 -2.5219799582032465e-09 1.7040192121032494 1.7027084553292262
0.9915733879467334 0.12937018232903347 0.006750721442149048 0.012419363488778569 -0.14680173857933693 0.9890879682619832 0.1289495084378783 -0.9806694680034842 -0.14717139259853765 -0.04826930678897213 0.14984035147848762 0.0018766815932115266 -4.333875480710958e-10 1.6455503571836232 -2.366491003158444e-09 1.645986558284946 1.6431947591641194
0.9999599950372708 0.007442722546418786 -0.0049612706193494505 0.00470767414327572 0.0337120913445613 0.999420498439639 0.007605664285394425 -0.9994038727052608 0.033675704781116186 -0.025616568037436758 0.11179701290227576 0.011481323720140019 0.0 1.72403 0.0 1.72403 1.72403
0.9999628804785109 0.001832395727251114 0.008419025538508776 -0.008230013501781444 -0.08609922500360967 0.9962525735633201 0.002550400533211549 -0.9962848818383608 -0.08608094840000102 -0.024947932611852196 0.11115853604864928 0.07786362329266197 1.3379608532204657e-10 1.7062487359952225 -3.439601492516431e-09 1.7068286760731954 1.7050401033189964
0.9996910968269564 0.02475225123481058 0.0022443225538409106 -0.001619994615928183 -0.025214347783013596 0.9996807551830342 0.024800938336305436 -0.9993755864161812 -0.025166460477244707 -0.028258178475421936 0.11697678330577324 0.0011048257924652638 -1.5587175994369318e-10 1.6907315371759681 -3.5284157817727646e-09 1.6907760997082981 1.6894577921417584
0.9987803030109073 0.04905660906206835 0.005599591482577743 -0.002396871586590202 -0.06510331479234616 0.9978756502739435 0.04931694763504491 -0.9966719658495369 -0.06490632608291863 -0.032108255908057354 0.11943416839255497 0.04458939303635365 -3.2151437068250743e-10 1.6851426676650423 -3.6377079126737044e-09 1.6856471944121925 1.684024669716984
0.9992365778446739 0.038555568524434015 0.0063031446931534445 -0.001555134452992853 -0.12195745169102312 0.9925341110177852 0.03903643239460118 -0.9917861907249916 -0.121804387577428 -0.03070527876734596 0.11092044302510234 0.03764096267882111 0.0 1.71696 0.0 1.71696 1.71696
0.9992128727825297 0.038311500870255234 -0.010289011942491322 0.007592150085635574 0.06988462259263063 0.9975261895219406 0.0389357691944243 -0.9968191252309289 0.06953874783949238 -0.030353892847657757 0.11945484198773372 0.018523863540455904 -1.4245840063153992e-09 1.6904180900522494 -3.672042225844052e-09 1.6906541786772769 1.6888367887264746
0.9995570210297426 0.010536401054196209 0.02783425880047584 -0.02400843613393429 -0.2672428592599748 0.9633300831848636 0.01758853901122918 -0.9635716052413429 -0.26687151378157997 -0.027302449788785734 0.12268349667520312 0.053015376096258116 -7.790825762299391e-10 1.6764180464525609 -4.127807429199493e-09 1.6766326653006738 1.6740007649329893
0.9999984591502487 -0.0015017160361735457 0.0009091457940645226 -0.0008895437135195694 0.013002614361848575 0.9999150667590416 -0.0015134097627224998 -0.9999143347650854 0.013001258484713993 -0.02436120743720219 0.12015314468883413 0.005833360757315803 -7.457972017732573e-10 1.688929187506945 -4.377979756498007e-09 1.6895101709840024 1.6882533319540896
0.998042199033606 0.0619962922567617 0.008260066257476217 0.0020653136443936904 -0.16466413996203155 0.9863475328149377 0.06251002661744744 -0.9843994010344472 -0.1644698021379832 -0.03629207155894009 0.1580970663362778 0.02738090000781164 1.744124844549333e-10 1.6487164569844062 -5.291277638264091e-09 1.6492388493582055 1.6464220094800517
0.9992914528723604 0.02088125539638535 0.03131398073253555 -0.020425816398579322 -0.3979357201339411 0.9171858855575205 0.03161294419534831 -0.9171756297539487 -0.3972272472335567 -0.029732815735201316 0.11684561630333101 0.04598335230533018 0.0 1.68744 0.0 1.68744 1.68744
0.999677791287228 -0.025378238595487688 -0.0005085399492622544 0.0004531898251870642 -0.0021867111662851567 0.99999750645352 -0.025379287343655646 -0.9996755290093211 -0.0021745054293824187 -0.020219550403733928 0.12793462123937838 0.05464563198911421 1.7998669221697128e-10 1.679413403184526 -5.4998166021391626e-09 1.6794571605489912 1.6784307380535335
0.9999280005417013 -0.006696989659367934 0.009957111136159047 -0.010364685180311597 -0.06386293049754872 0.9979048548881694 -0.006047068197774248 -0.9979362086014154 -0.06392774459062268 -0.023698404403148098 0.11169096953367771 0.024432667970924027 1.5797851915522187e-10 1.7048274052472738 -5.515093270958005e-09 1.70508761894507 1.7037071470894443
0.9981326407217563 -0.05924724726280124 0.01486590789672193 -0.029059801911203165 -0.24650687160616608 0.9687052648581109 -0.053728571902619565 -0.9673283444326036 -0.24776826798156254 -0.015313873830057185 0.140243525283596 0.03950955805475542 0.0 1.67015 0.0 1.67015 1.67015
0.9990228831536708 0.04416038421852702 -0.0017718354886529092 0.0005583358952879619 0.027476570630212853 0.9996222918319853 0.0441923884436541 -0.9986465333300241 0.027425066482511792 -0.03160846693029534 0.12364756877159509 0.026013747938045978 3.377165214146771e-10 1.6828524995279812 -5.368149480489137e-09 1.682736963743329 1.6814705404735797
0.9996125358917346 -0.01889515630015612 -0.02043896172725962 0.023287869324903177 0.16551384818269224 0.9859324729422714 -0.015246416969306148 -0.9860264393656741 0.1658897454378922 -0.022080798555681125 0.11630461555777519 0.06534815960153764 1.0346479228928729e-10 1.6973408691111977 -5.572281303045656e-09 1.6977764806354525 1.6965447158004743
0.9973100141447208 0.07035869075288449 0.02055213668202949 -0.0068436448294769605 -0.18978319189137838 0.9818021718253471 0.07297876548767337 -0.9793017893943933 -0.18879116789944106 -0.03631719784153046 0.12880843331474304 0.03507351467462741 0.0 1.67273 0.0 1.67273 1.67273
0.9994528878448382 0.013689725122980527 -0.030108410862594748 0.02577851666432357 0.24790802626940875 0.9684405395220677 0.020721801495062354 -0.9686868441025013 0.24741949196766178 -0.0276794982851051 0.11527122167317513 0.007980687005948783 1.2891643308421408e-10 1.6880179280178966 -6.096086302420645e-09 1.6884686494686934 1.6871578003854921
0.9995618869085983 -0.02851462681562388 -0.007934122338867873 0.013545529504825238 0.202365341714534 0.9792164148456631 -0.02631639926274729 -0.9788948792032398 0.20266292852793294 -0.020527721257407643 0.13301889454363242 0.023145091558885944 1.6285728321463466e-10 1.6694116760730129 -6.426833287775935e-09 1.668905540247974 1.6674689763075872
0.9985677316040186 -0.05120328505144029 0.015514799358863435 -0.02792893956436719 -0.2515308051210153 0.9674462405787642 -0.04563397565427278 -0.966493909797219 -0.25260059895192344 -0.016347693338677447 0.1358015703236358 -0.0003772554449417431 3.56586760119626e-10 1.6594900599267435 -6.867659330112019e-09 1.660564832378471 1.6589007916044878
0.9891915867619088 0.14662566158066873 0.0009591900168131884 0.004372795758571191 -0.03603796558650544 0.9993408546104977 0.14656358120867194 -0.988535371346123 -0.03628961643324402 -0.0523049311400334 0.16619018760390633 -0.024109678278603955 8.656622085823074e-10 1.6457583322595557 -7.265277268686532e-09 1.6458723601337404 1.6438200472976296
0.9996047543397466 -0.027376634780942134 0.006391789221013577 -0.008796075009064458 -0.08862330125433858 0.9960263749214763 -0.026701388836722878 -0.995688922476721 -0.08882908021214939 -0.019486210713598774 0.14913955374739238 0.04389615639497302 7.917346778185674e-10 1.6507423226580071 -7.051956352199795e-09 1.6507442902400422 1.6494409208703544
0.9815943509885829 0.190926171448011 0.004441527159349007 0.007546989653121838 -0.06201838563019766 0.9980464732621419 0.19082864841128588 -0.9796432600186809 -0.06231781483246183 -0.06088600586789725 0.1703464827195628 0.024067442180806975 1.1711600578223624e-09 1.6511111753074674 -7.2662231787035125e-09 1.6513456285888664 1.648445070448509
0.9977275104650556 0.06713881402554461 -0.005674020835873678 -0.0014432779637570947 0.10548823679226396 0.9944195034527323 0.0673626885591863 -0.9921515063485531 0.10534541584888961 -0.03678391008339617 0.1479220137332005 0.04445769991264251 1.0852989618115316e-09 1.6497324655747239 -6.8339351955160055e-09 1.6496572239594727 1.6464349300646717
0.9997930704180549 0.007394196600754722 -0.0189510474820812 0.01721846110013716 0.18847740567983737 0.981926571666915 0.010832402382748348 -0.9820496898858161 0.18831108744253705 -0.026355207402588683 0.12319993155904754 0.03723231411306069 4.204814274544333e-10 1.6848207629165293 -6.640710203953404e-09 1.6854047556559877 1.683392711764217
0.9990781986908811 -0.04270502045801736 0.004362811967610264 -0.007225574426214881 -0.06711277608170163 0.9977192322295979 -0.04231481980105349 -0.9968310571577751 -0.06735947974054335 -0.01683387227869182 0.15394215046452406 0.04952730050054874 8.471046086810929e-10 1.651084159910825 -6.647478123511519e-09 1.6503691995921272 1.6490450978402889
0.9693104257697863 0.03725915897123822 -0.24300011021962842 0.23433237241875787 0.1588464201770237 0.9590913168377353 0.07433463345300156 -0.9866000050018753 0.1452404640577394 -0.034361868111356164 0.13877537104522966 0.1000137028586161 0.0 1.63716 0.0 1.63716 1.63716
0.9995303511518885 0.02780689506696235 0.012878420435647658 -0.009550659009916446 -0.1166520904499278 0.9931269177230764 0.029118070654812755 -0.9927834942123066 -0.11633173075710918 -0.028756584698183183 0.12243827119728931 0.06847388876338772 -1.6365646615668084e-09 1.6714865013908957 -6.568768640136113e-09 1.6716081938311378 1.6704467538708458
0.9995896261445133 0.028283867266223745 0.004538959874099673 -0.0014599512243160927 -0.10794427418183289 0.9941558742037285 0.028608527517065028 -0.993754525284702 -0.1078586836072154 -0.028976192384780098 0.11135100537392288 0.07040010792903006 -1.9964296882335475e-09 1.69163916962252 -6.8331118541209435e-09 1.6921751691466538 1.690518076891764
0.9994659002950591 -0.01697568872416983 0.027923827454823552 -0.03176354082765635 -0.30381490252506327 0.9522014400733576 -0.0076806003330777885 -0.9525798291985961 -0.30419184305713587 -0.023378038918736094 0.12327191844809005 0.09329398198395528 0.0 1.6887 0.0 1.6887 1.6887
0.9973785185237516 0.06870602718162268 0.022706224174989506 0.005490961677740824 -0.3847483383679593 0.9230051817096954 0.07215220112526248 -0.920460861716571 -0.3841169898881944 -0.03657485825132615 0.11363812753963701 0.08616271576400952 0.0 1.68333 0.0 1.68333 1.68333
0.9993154761271758 -0.008837020222160494 0.03592333846274984 -0.036838347669590744 -0.3267779043255299 0.9443829400119367 0.003393422120885191 -0.9450598437761537 -0.3268797582722147 -0.025445690041671406 0.11711208538605436 0.10201250399956836 0.0 1.69513 0.0 1.69513 1.69513
0.9993441015508921 -0.02925415916455026 0.02134387188434715 -0.0347078694720684 -0.6056117423587623 0.7950030071099694 -0.010331045065729473 -0.7952223661899602 -0.6062298720939859 -0.022512087009007045 0.11755270487067261 0.12584908053905974 0.0 1.66361 0.0 1.66361 1.66361
0.9955891391706586 -0.0929757206708309 0.0125611038992067 -0.06800174461485342 -0.6228740415208899 0.7793610787874701 -0.06463767241139855 -0.7767776025125677 -0.6264491420219717 -0.012649675942703817 0.10999159828966813 0.15703155000571578 0.0 1.66333 0.0 1.66333 1.66333
0.9996149631524467 0.004331480536599236 -0.02740736612835659 0.025657240723772623 -0.5203954737528426 0.8535398390795811 -0.010565578080498489 -0.8539143921810406 -0.5203062361589655 -0.02240180914207833 0.09591588489408892 0.16826686216706252 -1.3824088540559387e-09 1.6676854496208273 -9.126471134379699e-09 1.6707768145840491 1.6685324006258435
0.32338876297377606 0.8959027785142638 0.30459468057192507 0.6216260984056415 0.04155631512011567 -0.7822110114634141 -0.7134428510842832 0.4423022542606581 -0.5434777034181526 -0.4399205196660252 1.0442430540424594 -0.3451545645634564 0.0 1.50554 0.0 1.50554 1.50554
0.9999585793603145 -0.009028323205206999 0.0011527982495439393 -0.0012376051922199953 -0.009393485636456398 0.9999551143731331 -0.009017089169461555 -0.9999151223017383 -0.009404270051948264 -0.022797739312258144 0.14914318224489154 0.0227724494384991 0.0 1.66692 0.0 1.66692 1.66692
0.9999883438757888 0.004824869790826056 0.00018095319412449835 -0.00013665992091905273 -0.00917895057550825 0.9999578632074444 0.004826327446713921 -0.9999462323034344 -0.009178184218196156 -0.025358552029636265 0.1465088620665035 0.025400839247317147 0.0 1.67194 0.0 1.67194 1.67194
0.9999638032193284 0.007838361552580369 0.0033094318707401656 -0.0032091481919501834 -0.012772166010078138 0.9999132828117113 0.007879950445157876 -0.9998877096272273 -0.012746549234982054 -0.026057242574993644 0.145101198828114 0.021607089921336753 -1.0769696245915839e-10 1.6569559753418153 -8.54947224127045e-10 1.6570584175686474 1.6551160364582378
0.9998868275751216 -0.014867137754558486 0.0023022286476300155 -0.002660324918504986 -0.024111747569307916 0.9997057298527812 -0.014807252043744248 -0.9995987154074084 -0.024148570201402743 -0.021681184200869084 0.149303386779918 0.023300832315461872 0.0 1.66923 0.0 1.66923 1.66923
0.9998074554722624 -0.01958278844594362 0.001251550542834809 -0.0016888876978260314 -0.02233215582624549 0.9997491797818572 -0.01954992686492675 -0.9995587972764952 -0.02236092902234405 -0.02084790061704517 0.1491917440692777 0.02476157475636684 7.487841457987088e-10 1.657319775707788 -1.0638654401873282e-09 1.6565544245311186 1.6548453423199767
0.9998388587891726 0.017464332853449994 0.004153737250834601 -0.0034377929418171298 -0.040826667474511226 0.9991603298783508 0.01761925182447473 -0.9990136036615865 -0.040760049855663213 -0.0276760394798989 0.14108048832118086 0.026004235327131697 6.991989209836902e-10 1.6618570310190064 -1.0132321648370635e-09 1.6619729977347708 1.6602932814892215
0.9998372807038232 0.01788336499273306 0.002365876438248579 -0.001964981789318067 -0.022401606753553956 0.9997471214569346 0.017931842107045733 -0.9995890922130932 -0.022362821093327337 -0.027776838177088727 0.14348584812144294 0.025408630874835886 0.0 1.6761 0.0 1.6761 1.6761
0.9995715153646431 0.029265196504610232 -0.0005778798992139757 0.0004738494478780369 0.0035615601801613113 0.9999935453570608 0.0292670657622542 -0.9995653373154901 0.0035461668091404646 -0.029659526002132817 0.14008042589855116 0.02938916147405954 1.0691802998508138e-10 1.663304516834632 -1.5371082184856277e-09 1.6643568024548463 1.6611928720040599
0.9999947548328372 0.003197349116413961 -0.0005169772158066972 0.0004902292595296634 0.00836079986152644 0.9999649277354423 0.00320155932117419 -0.9999599361895971 0.00835918857364375 -0.02510956308884254 0.13725567908547245 0.01718514133022947 8.712319754522468e-11 1.665321827678513 -1.4779972801193253e-09 1.665106126482768 1.6632880942864636
0.9992846000385449 0.03731463198030966 0.006156814596800196 -0.0032545165382969754 -0.07734632305099122 0.9969989741381852 0.037678856775481814 -0.9963057585654443 -0.07716954840756146 -0.031173979315832493 0.13422142172980905 0.020493069983557377 0.0 1.67562 0.0 1.67562 1.67562
0.9988401050874081 -0.04791906677644523 0.004712484297100052 -0.007013848301249584 -0.04797193347882691 0.9988240583457679 -0.04763664976657038 -0.9976985800518999 -0.04825238814234505 -0.015823249978752126 0.14824326928887183 0.023685691058994957 3.446389840178199e-10 1.6580347482515165 -1.417052253316342e-09 1.6582729040189008 1.6556713038249997
0.9998809292249893 -0.013764737171917113 0.006975627768171247 -0.008108177227021951 -0.08401743883142052 0.9964312958926288 -0.013129540518511722 -0.9963692096721959 -0.08411904173833773 -0.022344755222717644 0.1330490840613991 0.025886933780005977 0.0 1.68569 0.0 1.68569 1.68569
0.9988883074898622 0.04713759223208229 0.0004433492981497783 -0.001273519846979404 0.017583072149007017 0.9998445947851106 0.04712247136173552 -0.9987336396519166 0.017623555838640136 -0.0323169277479302 0.12877327515667353 0.014475439187033812 -1.1242828890090095e-10 1.672309407151948 -1.804847826747391e-09 1.6727917132331838 1.6705479151269076
0.999897477045899 -0.012880217096003507 0.006255829665650844 -0.007246046999815389 -0.07832619904329771 0.9969014501676212 -0.012350311741906947 -0.9968445749217826 -0.07841149946843377 -0.022295579960916873 0.13902042769013495 0.027943050916751005 0.0 1.67964 0.0 1.67964 1.67964
0.99815729431743 0.06059015020654225 -0.003293857746760607 -6.9218534181686095e-06 0.05439646545742527 0.9985194161846964 0.060679615629922974 -0.9966794159827359 0.05429664817755348 -0.03511201934072884 0.14110828686074095 0.015879987428901787 1.9468338052774925e-10 1.657299267548816 -1.7896679693762962e-09 1.656198134578907 1.6543208962534637
0.9989476769902285 0.045746464121984215 -0.003286283031369963 -0.0006374999138747048 0.08549467565579258 0.9963384234427429 0.04585991964325785 -0.9952878585890852 0.08543387100832486 -0.03255429123343649 0.13828216306602806 0.013817236937352734 1.1146639167236572e-10 1.6616519051869227 -1.7897674453593027e-09 1.661888094395053 1.6585820965686802
0.9998466631643976 0.017191223453718978 -0.0033334659416095064 0.0022207553665940932 0.06434302893654767 0.9979253693903529 0.017370043310864586 -0.9977797534844226 0.06429498527835431 -0.027659819813547246 0.13900197090615965 0.024573935618125514 -1.7709123056874887e-10 1.6644916826233356 -1.7694166132287137e-09 1.6649615408248009 1.6617807972422511
0.9991933964559208 0.038560464125972554 -0.0112092410657832 0.007480236186034488 0.09552438372949898 0.9953989844176558 0.03945380267455086 -0.9946799398396898 0.09515889204393141 -0.0309084860614203 0.12668172583537973 0.02646088577076769 -5.406279868225283e-10 1.6759918077367697 -1.8471766338734597e-09 1.676856383129122 1.6745737827358669
0.9961626676926425 0.08735801288771919 0.00534013855502815 0.005136957251163463 -0.11927004271320846 0.9928485627634202 0.08737019609499298 -0.9890112408337423 -0.11926111830275596 -0.0400993004066858 0.14507983025199117 0.029753479823571044 -4.46807035814345e-10 1.655360781380164 -2.0780017706556464e-09 1.6560728705929195 1.651896203368814
0.9985767256477234 0.053135902166665444 -0.004593353416202234 0.0013143197217793529 0.061581385452829214 0.9981012000440532 0.0533178727852164 -0.9966866653400379 0.06142390068218437 -0.033920554118333716 0.13657015103291278 0.028036968728596512 0.0 1.67357 0.0 1.67357 1.67357
0.9918347142685382 0.12750336628685144 -0.0026059849132575464 -0.005006295542020594 0.05934570242629053 0.9982249368796974 0.12743169376883082 -0.9900610987151506 0.059499447343280054 -0.04750480169345539 0.1494513245004287 0.026252246767839743 0.0 1.65699 0.0 1.65699 1.65699
0.9978714765343881 0.06511301024889356 0.0035794155120185966 -0.0011555708070414075 -0.03722483612295351 0.9993062474695779 0.06520108108912083 -0.9971833369405783 -0.037070359491960046 -0.036612687341480474 0.15236438264484578 0.022446995576822115 -2.5365931577425727e-10 1.6471522402076904 -2.621668215851969e-09 1.6482256542720828 1.6445244840973237
0.9976406410706399 0.06865234616810229 -8.154616840858053e-05 -0.0002413747661460311 0.004695404622559261 0.9999889473957462 0.06865197027314508 -0.9976295948602595 0.004700897421737758 -0.035686832410164196 0.12614249599812993 0.04241571821692433 -5.462519325760695e-10 1.6727159776284024 -2.791075814911892e-09 1.6733444069758354 1.671183440788611
0.9999722220033718 0.004931866749181607 -0.00558855187036808 0.005314116892974445 0.05400548429930565 0.9985264983100074 0.0052264120854828965 -0.9985284594622057 0.053977775618739156 -0.02526502112409821 0.1115309948110955 0.038229765699989426 -9.213785290285159e-11 1.7100571197300907 -3.2068712130239874e-09 1.7093044855922992 1.7075359125320055
0.989278146262728 0.14604226761262282 0.0006367083660154711 -0.0009293228953249251 0.0019354118312061384 0.999997695267344 0.14604069873133488 -0.9892764579487408 0.0020503810516081405 -0.0517962765574986 0.15805575247720036 0.015292462616032149 2.1898216573390528e-10 1.6477496752435021 -3.093105327423018e-09 1.6474916063012293 1.6443007685918314
0.9998606549757848 -0.016684775331162843 0.000537497481840731 -0.00019298447310607536 0.02064309211602087 0.9997868900445146 -0.01669231524946449 -0.9996476784447799 0.020636995701273916 -0.021353708026801442 0.1298652126115396 0.028856892458782535 0.0 1.68927 0.0 1.68927 1.68927
0.9999127347232329 -0.012165160133632917 0.005150904505887732 -0.006242717541374482 -0.09148841549226375 0.9957865726692712 -0.011642655023847488 -0.995731830720319 -0.09155637538892468 -0.022572454057270763 0.1325014719346498 0.014146597413619844 0.0 1.68405 0.0 1.68405 1.68405
0.9993589296953649 0.03564690833352518 0.0033207776794097754 -0.005033355123202056 0.048061119615074144 0.9988317146134025 0.03544566227817656 -0.9982081079151817 0.04820973260716829 -0.031247516241165472 0.1293353887345703 0.055048380249800105 0.0 1.68812 0.0 1.68812 1.68812
0.9978599833414901 -0.06383516440973482 0.014160700212324389 -0.029121393734443245 -0.23996679872567353 0.970344206937062 -0.05854398408619562 -0.9686800334961665 -0.2413122347357901 -0.013922281772969992 0.143763415131298 0.030174913871595765 3.630535871934626e-10 1.6542944616296449 -3.677856241779409e-09 1.654629160638974 1.6528882092516666
0.9999813720134498 -0.0005727794601378278 0.006076804241410799 -0.0060758895414051856 0.0015853860644357495 0.9999802848643105 -0.0005824022484737018 -0.9999985792363489 0.0015818763871540895 -0.024745938577459232 0.11120319927922336 0.054238274302623596 8.232374781869112e-10 1.716123766380882 -3.6109764067759897e-09 1.7160017380045156 1.7144856414467649
0.9993372764798983 0.03621277826733965 -0.003693579280286624 0.002781944451478369 0.025192541363055515 0.9996787467205351 0.036294195442359074 -0.9990265114349225 0.025075103735789646 -0.030198248960874065 0.12275380972282204 0.014158490566037102 0.0 1.69334 0.0 1.69334 1.69334
0.9999257182840557 0.011579584720235766 0.003804094086902937 -0.0030672925692412784 -0.06299499675145168 0.9980091292671521 0.011796170158564382 -0.9979466637060276 -0.06295479940082979 -0.026496249295104024 0.13932041305708534 0.030883067665473413 6.585967327055187e-10 1.6641212650191708 -3.5817651067304723e-09 1.6645442275043134 1.6622643634425973
0.9995628605626548 0.0228361877235811 0.018777548137501987 -0.014627517560346692 -0.1699581776096401 0.9853427087027294 0.02569286892942455 -0.9851866454605762 -0.16954984545056953 -0.02828840577287635 0.11357938227896403 0.01857632015334934 5.755742549240495e-10 1.6980316701954496 -3.4479725741221046e-09 1.6982225603449281 1.696910979052193
0.99979964335565 -0.0011301331542429448 0.019984892918625076 -0.0199871192386196 -0.11073396542451569 0.9936490849217864 0.0010900506669103962 -0.9938494411632056 -0.11073436724489702 -0.02469267182131878 0.11424157305571 0.023466112338667106 1.5346941495408828e-09 1.696973437680093 -3.828533934324696e-09 1.6966830154590893 1.6956755160006054
0.9994068242601746 0.032757686116929204 0.010627023217131819 -0.007405197864997659 -0.09695018616546236 0.9952616864157198 0.033632761807097386 -0.9947500165381988 -0.09665010051976211 -0.029456674888958975 0.11603442523342822 -0.0061066389573739 1.4860388475312902e-09 1.6950694789680831 -3.742194110145647e-09 1.69534831399862 1.6938960647793602
0.9998330044945966 0.005984901396907291 0.017266849121288258 -0.01622788389423388 -0.14371646215210482 0.9894858434009038 0.008403505674615768 -0.989600808135155 -0.14359533986388545 -0.02549081968486288 0.11860975377611241 0.02129617759796082 1.2749330480232857e-09 1.691138164982239 -3.792459679630156e-09 1.6912246537309743 1.6904976962115086
0.9999950413689688 0.003122268657246489 -0.000410701723994239 0.00038512304112978124 0.008188530671634685 0.9999663992583363 0.0031255267903677365 -0.999961598964616 0.008187287610131884 -0.024999022051843747 0.11208538857105466 0.040612691711161955 1.3462120307394798e-09 1.7099342630850751 -3.6870746455974768e-09 1.7095139542768818 1.7083905535624808
0.9997373016124458 -0.0011801057337219594 0.02288962898613533 -0.022866186709457267 -0.11976683572925159 0.9925386856766695 0.0015701178407780915 -0.9928013458944643 -0.11976235769266723 -0.024846921967262042 0.11350842427439967 -0.006742037654245636 2.1960770979490007e-09 1.696729484318909 -3.497000911067971e-09 1.6959621230370274 1.6950383837675247
0.9997921010677295 -0.008728138513677718 -0.01842754027701239 0.019410120270411477 0.1305969319580917 0.991245523870964 -0.006245148009696837 -0.991397125757998 0.13073919521366714 -0.02340102144482756 0.11539789048835153 0.030705774480228987 0.0 1.71102 0.0 1.71102 1.71102
0.9995903704615531 -0.02794236766444332 0.006189941020703044 -0.00866669292300087 -0.08940632601347297 0.9959575278607772 -0.02727599153675475 -0.9956032005563649 -0.08961187046150315 -0.019703363521804282 0.14091127840067064 0.03155247580775705 1.0648593118389726e-09 1.6618545093455994 -3.6286174065480736e-09 1.66209101368612 1.6607085131994213
0.9989634927209639 0.04550162532418817 -0.0012418951607405249 0.008756754328685473 -0.16533304410566527 0.9861989169434233 0.0446683273064945 -0.9851875895582582 -0.16556012175650436 -0.03324058339698424 0.16541885605001308 0.035868563562650946 0.0 1.66514 0.0 1.66514 1.66514
0.9662821433970067 0.1151447351869909 0.23030525246030395 -0.2499989666356736 0.2054294731745968 0.9462025408084165 0.06163875431238028 -0.9718746943458941 0.2272888964663533 -0.031929786228040206 0.12944899602861715 0.05374178975264901 1.809438820998821e-09 1.6256538363657267 -3.74067443686954e-09 1.6228800871944218 1.6219308242866246
0.9994384772272648 -0.033504769912467085 -0.00040078767303208807 0.0009419931804623694 0.016138864246199466 0.9998693163157328 -0.03349392312784779 -0.999308244464117 0.016161363171169646 -0.017633717956615884 0.16976105951038595 0.06084422101859832 1.5809789033482957e-09 1.6538381242341966 -3.6406042625003465e-09 1.6539883168682348 1.6517690199683202
0.8969450846689611 0.12670007784911164 0.42359958139877757 -0.4407778038890532 0.3314365748855685 0.8341850660536104 -0.03470508157221264 -0.9349314879183138 0.3531269887900301 -0.022412744241637955 0.13929323914366593 0.04109927964108889 3.4977780671852088e-09 1.6708827597544946 -4.040717094255797e-09 1.6735269668851043 1.6701458813169987
0.7082320840125775 0.07557328444103446 0.7019230683301383 -0.7035189636649796 0.1584910217035557 0.6927782212245966 -0.058892978689778025 -0.9844639529805839 0.16541566534910723 -0.01895130804937123 0.1581640094947822 0.06025388726874134 4.996389968425774e-09 1.6352290415213044 -4.318050805807161e-09 1.637885634761882 1.635290734421572
-0.12047045433207408 0.5286544725574385 0.8402447966384796 0.17986303613482596 -0.8207770713517728 0.5421939573395935 0.9762869239446904 0.2164473325966924 0.0037939881906613386 0.08918656872430594 -0.25502455501831367 -0.8590038682277155 0.0 1.48531 0.0 1.48531 1.48531
0.9997377366052739 -0.0224524526014723 0.004510585277194331 -0.004579268208112869 -0.0030085650197343816 0.9999849893069397 -0.022438545185514358 -0.9997433850287287 -0.0031105917856511347 -0.020236658825093047 0.14828306997605165 0.023233471594341415 -2.0338397632713168e-10 1.6571326943375757 -1.0368310654484958e-09 1.6566080581584695 1.6547739406252484
0.9997319442648038 -0.02295937676095509 0.0029843986435836253 -0.003007453753597596 -0.0009697059648863494 0.9999950074336681 -0.022956368145577385 -0.9997359284776607 -0.001038495293461004 -0.020154047161906087 0.14924948322720677 0.023717626003398884 5.014513249079755e-10 1.6575917848197337 -1.3078782501452224e-09 1.6567217441133604 1.654847334497246
0.9995502255326162 -0.02987229971636371 0.0026443047010451847 -0.0028459852790946637 -0.00671092562224058 0.9999734315696011 -0.029853760324076585 -0.9995311947042715 -0.006792923344488659 -0.01898329981090424 0.1494514931574451 0.020493211454684246 9.883951435085692e-10 1.6516070325527226 -1.4858985153409776e-09 1.650789768953893 1.6495095734609793
0.9999998286849269 -0.0005826662949512255 -5.594734854940525e-05 5.942104673362092e-05 0.005963418430207673 0.9999822168967634 -0.00058232229588689 -0.9999820489091867 0.00596345203122535 -0.02440368624041971 0.14651789207827468 0.02410509929263338 1.114403680446685e-09 1.6578234447894884 -1.57382817889129e-09 1.6578064096829532 1.6552563984930329
0.9989880687573918 0.04489894902251752 0.002631132275280239 -0.001728075639282848 -0.020140064368206537 0.9997956749065428 0.044942766213947764 -0.998788497222469 -0.020042095227808993 -0.032523740484369845 0.14051442262965977 0.02175039743501575 9.598988270909103e-10 1.6595291695161718 -1.6828778370836517e-09 1.6605022312645001 1.6575289244614408
0.998874495845749 0.047410876950017104 0.0013965298890242454 0.0004426952698128473 -0.03876066895465611 0.9992484248489389 0.04742937454572522 -0.9981231483584668 -0.03873803223168955 -0.032943775436025675 0.14500202612313287 0.02049135408423461 0.0 1.66912 0.0 1.66912 1.66912
0.9976613825770966 0.06833836547404683 -0.0012780918166518957 -0.0012268061073743624 0.03659981615733401 0.9993292492487269 0.06833930538958598 -0.9969906324843705 0.03659806111372494 -0.0370208708030162 0.14767473656862892 0.028522051899371154 4.590106073010247e-10 1.6535437447135282 -1.549005368417511e-09 1.6549813346413975 1.6500179514232194
0.9997600774957887 0.021902024018118922 -0.00029797571138959547 0.00010741693512884842 0.008701171452585713 0.9999621383217241 0.021903787508485456 -0.999722256909019 0.008696731197448088 -0.028207495209376477 0.1501650508266762 0.026550185404853516 0.0 1.66875 0.0 1.66875 1.66875
0.9999159680083778 -0.01221534569396906 0.004340766227918519 -0.004896676461918694 -0.04585351864872179 0.9989361728294549 -0.012003311272140618 -0.9988734855611637 -0.045909480081960705 -0.02258150822310082 0.14546836172223634 0.028972166121110116 5.38523003967839e-10 1.6581205339715765 -2.158144774000448e-09 1.6595861921887618 1.6564397437402105
0.9999070655729602 0.013549343705155896 -0.0015084768581234698 0.0012000042591991944 0.02274595461959234 0.999740557113805 0.013580140170478563 -0.9996494569765958 0.02272758146717675 -0.026846485537767986 0.13853833071053476 0.027100268442297737 9.272813628058429e-10 1.6670914623479884 -2.539270127499549e-09 1.6666860244791186 1.6642892880075433
0.9984733168601508 0.05523617559670496 2.058490904326138e-05 0.0005435276677867446 -0.010197695673292682 0.9999478544307343 0.05523350519352229 -0.9984212397121793 -0.010212149412942491 -0.03448188315739574 0.14636216393963863 0.03556233307772169 1.153718898194711e-09 1.6560308038281342 -2.647110086684279e-09 1.6552011548549954 1.6519722591491037
0.9948529364850133 0.1013229776659567 0.001135325526173618 -0.0008887534199876757 -0.0024786346233548057 0.9999965332378721 0.10132544046045298 -0.9948504965909742 -0.0023758257905940015 -0.04297508577933733 0.14715259147395043 0.014984330175997762 5.812044179265285e-10 1.6502040308007775 -2.5404531811545894e-09 1.6518943125229182 1.64751804520154
0.9999868134357083 -0.0003968746882531833 0.005120102067327044 -0.005135307924935015 -0.08496362148402882 0.9963708203459367 3.9588055298648325e-05 -0.9963839749387786 -0.08496453917950345 -0.02449371149349404 0.14776920594114484 0.01545682477794863 1.6403856051283583e-10 1.656168759318331 -1.9841177589796644e-09 1.6553797361954237 1.6530962056650944
0.9970273438198278 0.0770461589683053 0.0006042051053331554 -0.001963560089003988 0.01756885006661743 0.9998437277590503 0.07702350360348166 -0.9968727225155513 0.017667908678649605 -0.03864818444560823 0.14791546320421234 0.02317790546682852 -4.0737191397965944e-10 1.6527998037690272 -2.0262671540649535e-09 1.6538031219353515 1.6502488095114742
