0.9997054172030084 -0.024262251737312942 0.0006495810912652076 -0.02419555078599966 -0.9983508551981659 -0.052059055381871853 0.0019115797448668688 0.052028002707445384 -0.9986437967549555 -0.009350650622699033 -0.005944468603983677 0.308171728480654 0.009758114735966217 1.4136546165569222 -0.009718403734082948 1.4119140170242757 1.4058382748927167 1
0.9992199062566353 -0.03941879075926411 0.0023953863066881187 -0.03925209075610755 -0.9980023991071901 -0.04950237113075366 0.004341924890553869 0.04936973072004678 -0.9987711336321623 -0.0037130728882215232 -0.0010367825526790275 0.3092025485735943 0.009659112642603773 1.4164037992900642 -0.009575600533044515 1.4120968516112784 1.4071357765811285 1
0.9993643303189674 -0.034059514243898206 0.010530184024570097 -0.03367014751466471 -0.9988139075050891 -0.035172423015141084 0.011715649895005138 0.03479551212275807 -0.9993257806559644 -0.00404461945180914 -0.0034151075689916044 0.2962522489668937 0.009219318517665442 1.4136955693727753 -0.009313709358330868 1.4106676573067194 1.4053737756599949 1
0.9981746139632492 -0.05939548954917025 0.010936903608095513 -0.05862488748840275 -0.9964250854256981 -0.06082903666311345 0.014510775523399246 0.0600768254454635 -0.9980882788802324 -0.00866622371024015 0.0005730064211202923 0.30071679936171203 0.009219169979158615 1.415359606965449 -0.009313559566312968 1.4100764045305523 1.405279999003759 1
0.9966647470088797 -0.07724329715381689 0.026322141146436034 -0.07507438372075886 -0.994332354983972 -0.07527951076472698 0.03198779421395001 0.07305231602649934 -0.9968149979532264 -0.010746022030869256 -0.004391484464523476 0.30604619506925757 0.00921902116930351 1.4136304889818518 -0.009286696309627196 1.4065567806608907 1.4028722252018433 1
0.9943284288908204 -0.10498972281566565 0.016974498596491156 -0.10339871540285737 -0.991672727599076 -0.07677178511176931 0.02489339576175758 0.07458122712384448 -0.9969041876771056 -0.009940398547635001 -0.006593442934106963 0.31092794821553116 0.009196398075496326 1.411979906130461 -0.009281959928153505 1.4018571132201432 1.4009050660891722 1
0.9947228782664209 -0.09885791996493058 0.027450084035838693 -0.09643441840192007 -0.9922157647369938 -0.07879263388709679 0.03502568201835112 0.07572970267728532 -0.996513027376742 -0.018439252843756502 -0.011163774190098341 0.31212543199258536 0.009148966914906076 1.420302423166249 -0.009261441642707702 1.4163069967295456 1.4100750897760372 1
0.9953136869474444 -0.09602700144215846 0.011378908959662088 -0.09453629882082605 -0.9910414563940984 -0.0943383268535324 0.020335997156374342 0.09282050798337683 -0.9954751631845788 -0.018599153046787015 -0.015159089843590268 0.31284240033224897 0.00914882762670377 1.4177062740521853 -0.009261300981624032 1.4149913624370658 1.4079707875502683 1
0.9899015838479288 -0.14120227192983686 0.012520890432169838 -0.13923477826382064 -0.9850787304761905 -0.10116111548041325 0.026618242188144285 0.09839620503489555 -0.9947912625357865 -0.018601495792227744 -0.003549231271589015 0.310752700872883 0.009148676787911647 1.4155972655623152 -0.009261148597060398 1.4152579633549633 1.4080921116501415 1
0.9888279789545237 -0.14717852698543804 0.023615868205691927 -0.14308309974121264 -0.9816008150565919 -0.12643997172049962 0.04179060426887983 0.12164835006949845 -0.9916931099489451 -0.011588675769993985 -0.001372998479532761 0.3152203202815942 0.009049999783224294 1.4243061801008876 -0.009199818112424651 1.4132284620124178 1.409707006295192 1
0.9840869059195188 -0.17746630620222087 0.008869710293333897 -0.17427215959848213 -0.9737071818607049 -0.14670902624503093 0.03467240958787335 0.14282868814010577 -0.9891399243067419 -0.015910803828447256 -0.001305858433329199 0.3209154799290307 0.00904985344693543 1.430536512482929 -0.009199669749907713 1.4218805680440036 1.418134853061571 1
0.9777490589778751 -0.20920529028008492 0.015489486327998948 -0.20413141553669936 -0.9658503392266831 -0.15957282790840258 0.04834400540773624 0.15286029155580821 -0.9870646323349905 -0.01436541761502956 0.0054626777138498395 0.3144359215278276 0.009049706961205217 1.4212020008637714 -0.009199521474839045 1.4059851979421403 1.4067462951037886 1
0.9780819080160272 -0.20821797808303466 0.001027041742335095 -0.20595038398659682 -0.9681329546812698 -0.14248867111418942 0.0306630159557229 0.1391540716728304 -0.9897959000669642 -0.01656689806965841 -0.0019279354869670695 0.30904533098061093 0.008469442229515955 1.417101214921809 -0.008772904686007443 1.4138921720473672 1.4077010355640214 1
0.9714509516661695 -0.23723654145421288 0.0013681760622416854 -0.23511174456047443 -0.9634890117221037 -0.1281069547702003 0.03170987348798468 0.12412794886570648 -0.991759414492128 -0.017013170361956712 -0.012789389235807969 0.3160211278236128 0.008289207000069965 1.420002279146015 -0.00865092677833168 1.4057495954546786 1.4055199834704997 1
0.9719952376358242 -0.23348627358985422 -0.02663490301092461 -0.23498717502552124 -0.9644678552336452 -0.12075919755669691 0.002507107257911572 0.12363622554144899 -0.9923244419780566 -0.01792696237638749 -0.015549689223164243 0.31082457198763613 0.008289075637069487 1.4159800563810414 -0.008624784134239505 1.41282488039037 1.4065097948682972 1
0.970532569943722 -0.24013051857870613 -0.020096385882941527 -0.24071999245266543 -0.962350397132647 -0.1262362799365743 0.010973418429236607 0.12735402304504612 -0.9917966207354302 -0.018126754622209067 -0.013458925022264034 0.3163605362992068 0.008288944921562624 1.4193270432034533 -0.008624648514831357 1.407814522567179 1.4079400196747809 1
0.9694649638037005 -0.24093929569067674 -0.045672089389146686 -0.2436387132700818 -0.9675043388802853 -0.06764267620312568 -0.027890165886714054 0.07670469372797654 -0.9966636988507752 -0.01964720269070362 -0.014521777703741579 0.30986429453120135 0.008288804615857792 1.4158123826927511 -0.008624502352319041 1.4126030661126547 1.406610310737566 1
0.9649544962818063 -0.260848474021459 -0.02865124266418178 -0.26238361594576043 -0.9608111573521804 -0.08942459388105387 -0.00420216476988906 0.09380828059526489 -0.9955814121923967 -0.015037862269264686 -0.008597421123591575 0.30857617188018627 0.008288667976555253 1.4146445095614988 -0.008624360233324246 1.4105967983892267 1.4067744906030057 1
0.9711080265879456 -0.2381460656696357 -0.015350964221807796 -0.23850891557312165 -0.9664287516778045 -0.09554561801890174 0.007918199833242955 0.09644645839300652 -0.9953066777505547 -0.008590025365351837 -0.00030790609153358295 0.3100723528359999 0.00818980626877952 1.409719069019923 -0.008526375996221525 1.4166602743163565 1.4054945539684391 1
0.9702150936283757 -0.24219615148007928 0.004867884953531848 -0.241292916372981 -0.967986413968932 -0.06913776739083267 0.021456947683767214 0.06590391930534772 -0.9975952449848037 -0.0069254992292337525 -0.0014532496468500078 0.30951828051540975 0.008189674394291302 1.41449675796766 -0.008526238635543137 1.4153735725915677 1.4080298326760587 1
0.9991786811036949 -0.02110218542916705 0.03459278823676563 -0.019842346253472136 -0.9991415095006606 -0.036366540774433735 0.03533050414355818 0.035650270165235504 -0.9987396125688156 -0.01803828742222798 -0.001957477921638917 0.30512046365752665 0.009779208340326306 1.415816311660632 -0.009790272643672715 1.4129838653689628 1.4059269502367213 1
0.9995655992206471 -0.029440040478136247 0.0013772695139869476 -0.029317357501926714 -0.9980110089212538 -0.05580787239346491 0.0030175161594728677 0.0557432515074851 -0.9984405763527445 -0.014318861002227902 -0.001670733098115551 0.31360616913210326 0.009726251702052657 1.42031332657786 -0.009681879173577101 1.417339792973479 1.4128111851486302 1
0.9997606334002064 -0.018959372547932195 -0.010918703943548696 -0.019709634285519795 -0.9971159485835677 -0.07328925839864359 -0.009497695486233148 0.07348691905965851 -0.9972509546285578 -0.013425745708738418 -0.0006017743713322976 0.3171352164272403 0.009684351188984586 1.4205537722234274 -0.009673043218332289 1.4174497131961585 1.4132024240854246 1
0.9998986911357122 -0.0011275540364516648 -0.014189294802232955 -0.002041594653481985 -0.9979111541702701 -0.06456903494578865 -0.01408685047697559 0.06459146231859506 -0.9978123589328731 -0.014374617454645999 -0.002247017852413047 0.3199239167147121 0.009684252126858972 1.4206586788183557 -0.009672758891547062 1.4174946097102685 1.4132676204174404 1
