0.9890072251664487 0.14786372998804664 -0.0010128783656054795 0.0011977789453091457 -0.0011614415192084191 0.9999986081886293 0.14786234779063823 -0.9890070618593274 -0.0013257821166599822 -0.039526112463517 0.17739162673682665 -0.052327055649235746 0.0 1.44158 0.0 1.44158 1.44158
0.9880876563507968 0.15386910291594713 0.0026613032580445548 -0.002051794202738944 -0.00411988198545424 0.9999894083003956 0.15387843743598134 -0.9880826512697547 -0.0037550968021057645 -0.04031662923251323 0.17700660072811225 -0.05374806838561845 -2.0874706407880694e-09 1.4189112709875813 1.1321503734507132e-09 1.4179115704310457 1.4103329442581982
0.979310699706047 0.20190885478418372 0.013541336750553905 -0.006801379811089423 -0.03403769891990368 0.9993974065830386 0.20224810178075295 -0.9788126732996346 -0.03196022393702531 -0.04790712005915652 0.1744849155634735 -0.05612267592027177 -1.088813483818285e-09 1.4074059170932838 1.9281110041902139e-10 1.4047490857432212 1.3975493255941727
0.979678331400382 0.19991090365867104 0.01630943233031529 -0.003396297832665383 -0.06476792609896924 0.9978945740457105 0.20054633416144863 -0.9776710829042721 -0.06277277680007928 -0.047657146221188815 0.1756311907619153 -0.057303111818834934 -9.455849436790231e-10 1.4062759373832785 1.9087487146407511e-10 1.4049725142144558 1.3959419625198421
0.9803057966614629 0.19465363791954807 0.03332425958097143 -0.012431211372713538 -0.10758526074046995 0.9941181401901947 0.19709391166583867 -0.9749540363094512 -0.10304667422177204 -0.046660155425907575 0.17643264792847724 -0.05854836220800118 -7.520100098190596e-10 1.4059664771327158 9.907807907438837e-11 1.403420957328927 1.3973063769562621
0.9862906224173371 0.1649482717608006 0.004782862610084433 7.18150783320104e-05 -0.029413001727070485 0.9995673414893055 0.1650175838334097 -0.9858635519038772 -0.029021613553611787 -0.04187441727833814 0.18326422465317874 -0.051077141961204595 0.0 1.42919 0.0 1.42919 1.42919
