0.999525905361667 -0.0129819838858506 -0.027918320245450462 -0.027348681945147023 0.042160618035327876 -0.9987364676844149 0.01414263436574682 0.9990265013408136 0.041785589764057364 -0.01201458424019592 -0.19796462204329252 0.0069910836445702396 0.007720761951354405 1.4316456150622825 -0.009790198015342533 1.4300284760109925 1.4243366823424157 1
0.9999985946682736 -0.000842754862466817 -0.0014492845543701144 -0.0014345545801203409 0.017223880406953624 -0.9998506288425705 0.0008675912830376968 0.9998513027985555 0.017222647223840166 -0.019868874649961173 -0.19141406731064187 0.00935030692379557 0.007720575282282205 1.4282412692176738 -0.009651096517078628 1.4280304051536197 1.418754124022544 1
0.9999983311387534 0.0016990552892212638 0.0006715138363270414 0.000640697378372734 0.018073400154588356 -0.9998364574837834 -0.001710913959717355 0.999835219132621 0.01807228141232173 -0.011048346919136072 -0.18308550294627762 0.008020028371974408 0.007720392859930314 1.4231624026011724 -0.009486282335995355 1.4249056325540188 1.4171962955169892 1
0.9996416717901705 0.022660713732069595 -0.014248511280346394 -0.01486119514508334 0.027102716849561764 -0.999522179652974 -0.022263712615211265 0.9993757725663183 0.027429770470450702 -0.0142717 -0.20371699999999998 0.007730700000000035 0.0 1.42929 0.0 1.42929 1.42929 1
0.9992817256741012 0.037810721333530556 -0.002526279087554447 -0.004292392315862713 0.046701299916383616 -0.9988996766213946 -0.037651136795544965 0.9981930364104721 0.04683005402137686 -0.01484315177321892 -0.21413535963132974 0.006799980135209438 0.009293964694615298 1.4411453871049646 -0.009428930229116617 1.441186356261178 1.4319186915449702 1
0.9979314798455612 0.06189989532024073 -0.01735409152308034 -0.018594434328765622 0.01951839778247655 -0.9996365735406034 -0.06153867519894649 0.9978914946562819 0.020629017121770826 -0.005920063011145703 -0.21847168891808683 0.008526405522456093 0.00906707856435407 1.4407467645099237 -0.00923841280884563 1.4422826118229306 1.4338379930862555 1
0.9991003470675105 0.0367510158333665 -0.021162687088262595 -0.022351548126152757 0.032245287440705504 -0.999230028439013 -0.03604032166815869 0.9988040870326282 0.033037719972385 -0.008530874417127018 -0.22222769126872982 0.012209821974282803 0.009013558406901545 1.447438836875425 -0.009213873255353278 1.4484248738453687 1.4388397709462053 1
0.9993118336365353 0.03349339799136741 -0.01593899134128495 -0.01744086991271061 0.04503803766522055 -0.9988330146826115 -0.032736450795307626 0.9984236412737121 0.04559119799992497 -0.008998085765500822 -0.21656481532749045 0.014513777616315227 0.008690755716943777 1.4414174856139823 -0.008961262432146455 1.4422068577761804 1.432547023780427 1
0.9978703798929872 0.02622747848248127 -0.05972289598367089 -0.06012772455021755 0.014927195165518325 -0.9980790728118207 -0.025285602081788674 0.9995445453890195 0.016472404512393925 -0.007453966977798703 -0.21607139539701575 0.015326291347855403 0.008541604986986862 1.439069588244827 -0.008863515607194117 1.4377143224131306 1.4289715643900083 1
0.9945729892150207 0.03620143331463234 -0.09753986543903291 -0.09772746976930699 0.003445178301740713 -0.9952072509778846 -0.0356918867025492 0.9993385747445334 0.006964355761802305 -0.00935644061100034 -0.2179876446883861 0.018946707495254206 0.008541402098913409 1.436932934470943 -0.008863305155961676 1.4362300441459581 1.4287399341973712 1
0.9956616722447647 0.05752804008460817 -0.0731324758693598 -0.07276297661213615 -0.008494436928804732 -0.9973130871375369 -0.05799468645747216 0.9983077527222185 -0.004271673842093026 -0.007130281955010834 -0.20604228439230926 0.017390360959273182 0.008541181974960566 1.431620022541047 -0.008863076644618495 1.4322286717611412 1.4232950517612126 1
0.994328301540156 0.06621245345255392 -0.08322944048870026 -0.0822771852864747 -0.01698574236741948 -0.9964647255861909 -0.0673920880935131 0.9976609622331731 -0.011441630057607016 -0.012181857859249563 -0.21109179395961392 0.01974800511393937 0.008526481378000383 1.4322452829509222 -0.008852215382894713 1.4320731295917266 1.4252497008665754 1
0.9938855896482199 0.07584776857358783 -0.0802405800827576 -0.08049578956719443 0.0003086949821952414 -0.9967549009507612 -0.0755768651874628 0.9971193613152918 0.006412233512641351 -0.002898042100848815 -0.21304881423304262 0.030251680666718683 0.007778729814562624 1.4311593053501062 -0.008361986523635956 1.430918910527745 1.425322392019436 1
0.9930587288785917 0.08756822100525682 -0.07852494933465508 -0.07675889840808682 -0.023361081430420108 -0.9967759685052496 -0.0891203260385231 0.9958845648690293 -0.01647728565060286 0.0017397300878692565 -0.2155235276628757 0.033682041189357304 0.007778520096376695 1.4372025738359406 -0.008361761132731793 1.437942182354587 1.4302999294685916 1
0.9919059833775111 0.10373284586242636 -0.07322579346906889 -0.07248168422410035 -0.01092989441029032 -0.9973098529846267 -0.10425413944746001 0.9945451392960815 -0.003322696285783717 0.003252189826315545 -0.22357031940820765 0.03280226005920395 0.007778402450307809 1.4403603546985702 -0.008361635313972826 1.4407982731053837 1.434625046666521 1
0.9941588173614498 0.09455348981441354 -0.052037327241116725 -0.0485823586682596 -0.03848306572254634 -0.9980775561442221 -0.09637427192312299 0.9947756989475114 -0.033664647551670146 -7.75732231500643e-05 -0.23355795977035293 0.030367171485677913 0.007778276502913961 1.4480131086854406 -0.008361500326647509 1.4466054966079263 1.4408847067356128 1
0.9913113348720936 0.11164827125570476 -0.06954495581794955 -0.06622513475094056 -0.033177293318254475 -0.9972529762980377 -0.11364888420625936 0.9931938032094679 -0.025495105118143215 -0.0001416818890811404 -0.23247899652996412 0.032703190956518635 0.007778093244006357 1.4489996219267214 -0.0083613034676846 1.4457908660243515 1.439303663331569 1
0.9935392892239167 0.10434071043827997 -0.04463963388816599 -0.043056410190319576 -0.017378206631953753 -0.9989214901461376 -0.10500393473559659 0.9943897696977237 -0.012773394636917741 0.005802129944649949 -0.2323667429183734 0.03763015721812363 0.007732116595695615 1.4452647231259137 -0.008299307683448554 1.4458100228099324 1.4378872658965998 1
0.9924620686406461 0.09100724119236671 -0.08207755088989735 -0.07988778242461493 -0.027454818365264356 -0.996425699772847 -0.09293537824104812 0.9954717047707006 -0.019977499145503216 0.009587051382211205 -0.2324180019735967 0.03724040569164441 0.007731919157281553 1.4455500983457465 -0.008299095632766651 1.445644789667898 1.4380257505922618 1
