0.9999048851508918 0.013299466877264864 0.0036530579193753167 -0.002955921108919778 -0.05206578496882904 0.9986392825069408 0.013471569388145482 -0.9985550952332876 -0.05202152056466815 -0.02696384249853027 0.14084958579877338 0.028583562387139383 -5.854374762748193e-10 1.6577828082176564 -8.925802319481591e-10 1.6578872317618076 1.6556678037353114
0.9993784397169595 -0.03524893172952842 0.000497032013534847 -0.001418526345317027 -0.026122287881854958 0.9996577483613205 -0.035223884111538234 -0.9990371058613112 -0.026156052843508068 -0.018071346563436626 0.14946788197103167 0.026789865470236207 -5.602744934662951e-10 1.6468095442913544 -8.142322371895716e-10 1.645871412521637 1.644714821048753
0.9985917712707598 -0.015553912711171555 0.050720312988978423 -0.05148626775992441 -0.05360303396572108 0.9972341144294167 -0.012792129708537403 -0.9984411803151165 -0.05432836154787798 -0.02026478011805656 0.1467843801811912 0.030248767337319155 0.0 1.60839 0.0 1.60839 1.60839
0.9978858039130352 -0.01444683638896403 0.06336569471872164 -0.06388077699283048 -0.038526683155281904 0.9972135884632964 -0.011965311514038445 -0.9991531332100215 -0.0393681053261266 -0.018800987031362945 0.14407353775681836 0.03171300133313035 -5.094360489010796e-10 1.580840423656185 -7.761284948060165e-10 1.5808402544480389 1.5808398772739203
0.9981659513108778 -0.026236663522371775 0.054556128261305 -0.054999076132334374 -0.01646787255451916 0.9983505951308477 -0.02529496527453249 -0.9995201081822924 -0.01788066192897328 -0.018218667138343442 0.1464607792546932 0.03121028545279264 -5.246256762347912e-10 1.5999396968231343 -7.866214346563538e-10 1.5999396557975762 1.5999368309342028
