0.9999961234505423 -1.523431711288868e-06 0.002784435592171082 -0.0027844355222010854 -0.0011383936704563837 0.9999954754791013 1.6463590354307793e-06 -0.9999993520285552 -0.0011383934993143903 -0.0004181066416375476 0.1498290669761164 0.022930448808124754 0.0 0.0 0.0 0.0 0.0
0.9938686739570617 0.11055648943866395 -0.0015236698560884276 -0.0024506061823140746 0.03580313677187594 0.9993558575035391 0.11053982746580968 -0.9932247469934954 0.035854546483480965 -0.04536884271403906 0.15743381027270723 0.03483362642716041 -6.674429897657319e-10 1.6384083960419682 -5.147855475229335e-10 1.638463273686991 1.6305128175175083
0.9967869454282081 0.07914567475024734 0.012318587266032188 -0.004729688896339068 -0.09536606936492506 0.9954310337018976 0.07995883607736319 -0.9922909225535687 -0.09468531856069873 -0.03919417896961676 0.16139824949490622 0.09796123669743942 0.0 1.6631 0.0 1.6631 1.6631
