0.9999979368319073 0.00023472655804349188 0.0020177302524731233 -0.0020177171046116176 -5.623685065746395e-05 0.999997962825476 0.00023483955065940315 -0.9999999708704294 -5.576312284031707e-05 -0.014127493135152621 0.18701385131739537 -0.04254876123728893 -1.2371605961902787e-09 1.4312109378473803 1.603739363531531e-10 1.430776151884058 1.42111627793674
0.9998240850059767 -0.018594647792206417 -0.002457257708429267 0.0027548764290428926 0.01599696080243328 0.9998682452708189 -0.01855288920417911 -0.9996991228957688 0.016045372654078426 -0.011159021900645206 0.18707218994514416 -0.04355061855199814 2.1593393739749445e-10 1.4286528416104654 -1.3266090448382784e-09 1.4292889851457273 1.4191263089566046
0.9998384339934893 -0.013329480899827537 0.012059471314621994 -0.012295567053693068 -0.01777459431855358 0.9997664141326407 -0.01311201511115646 -0.9997531639038468 -0.017935616074526928 -0.012075549824639046 0.18572761311354155 -0.04204441352477312 1.3339622739749757e-09 1.4281843071609472 -2.778241636747225e-09 1.4253968885163202 1.4196263539631264
0.9986732074251597 0.040095924318304395 -0.03231318034803912 0.034635141684189366 -0.05863497256309395 0.9976784787460544 0.038108158334669275 -0.9974739379279973 -0.059945904136594265 -0.02051714312002141 0.18794439121176948 -0.04353685269919012 2.8491884407344514e-09 1.419790812876422 -4.024438560179533e-09 1.4276017760410502 1.4155312377503835
0.9990199734272631 0.0228061735546812 0.037933773094491564 -0.03574944760054919 -0.08956208485252007 0.9953394445881897 0.026097311923763335 -0.9957200969171325 -0.08865900352299276 -0.01831571337889102 0.18854079296098036 -0.04507224655007419 4.13222878137276e-09 1.4317537669235527 -5.563234317662591e-09 1.4228052746526236 1.417979138579442
0.9973396035729527 -0.07289505264193902 0.00016262003050427503 -0.008533235449287644 -0.11453438118495617 0.9933826349495677 -0.07239405388367477 -0.9907412310118662 -0.11485170497375953 -0.002380470473437117 0.19256371598261693 -0.0475208984973846 5.033874650450798e-09 1.4294551667283582 -7.1650916311227775e-09 1.4273893245406253 1.4189437192082872
0.9979051289176208 -0.06076640621689225 0.022199044019742487 -0.029481685878540664 -0.12170583539845993 0.9921282779095262 -0.05758631675724608 -0.9907043623127167 -0.12324237346338109 -0.005020815424822979 0.1905233853111288 -0.058423748960534025 6.149682540979029e-09 1.4273001868805277 -8.85018902607726e-09 1.42115788767887 1.4165376072066334
0.9936810585667851 -0.0895722346082354 -0.06763703595575948 0.044035070791421986 -0.24318017558191293 0.9689810703746202 -0.10324178604609628 -0.9658365374074627 -0.23769921460277244 0.003294013369557473 0.1858249873668612 -0.05448276748074021 5.7748819060066126e-09 1.4163393302654042 -8.700659748228645e-09 1.420627307684133 1.4097124434361783
0.9965542986493261 0.029767399627079937 -0.07741725752693303 0.08266256717748557 -0.27976536234898464 0.9565031322569566 0.006813943878359453 -0.9596068173732318 -0.2812620241334394 -0.01463258702075448 0.18277250772127074 -0.044484177535596026 5.7239679662757226e-09 1.4107028456031143 -8.217803326715512e-09 1.4199743920845167 1.4069789399421095
0.9956615489411275 0.08323792070216782 0.04158760052388605 -0.030622778544328356 -0.12891918513661654 0.9911821674838263 0.08786538222974806 -0.9881555000408034 -0.12581089914919874 -0.028588424514842347 0.1875319940613064 -0.0440767469573268 6.312943945374627e-09 1.4262363122290882 -9.095314723595038e-09 1.419005655232497 1.4137247150091108
0.9885314996885937 0.13655561994786505 0.06448284100498504 -0.02744997163096432 -0.2574023648098668 0.965914344881443 0.1484990679461632 -0.9566068080726491 -0.25070189781527047 -0.03862913595229499 0.1811230349110333 -0.042486328631343606 6.917425743324657e-09 1.4189345921998529 -9.849206783485442e-09 1.4147586728873502 1.4090660793757683
0.9843682163795717 0.17244434587530968 0.035807291957603876 0.03456898559298413 -0.3885284645604529 0.9207880415499372 0.17269684367924204 -0.9051566603643443 -0.38841629778022196 -0.04365078708369547 0.1764739549295494 -0.031865762020549526 6.847167277612698e-09 1.4252717850149423 -1.0438105491061833e-08 1.4186439426858826 1.4093479286338697
0.9761597953686583 0.21703534288281787 -0.002777381060832418 0.10950674066717861 -0.4813998146672229 0.8696335390190598 0.18740418259545502 -0.84920543944213 -0.49368997758474725 -0.04678456044800405 0.16834332440103933 -0.008069994559907784 6.908246419357056e-09 1.4169000298775174 -1.1528967114315947e-08 1.4150446145577762 1.4071549995877124
0.9999980492330292 0.0009506003821364466 0.0017314413214642754 -0.0017314356249467882 -6.815466801948383e-06 0.9999985010409895 0.0009506107578062846 -0.9999995481561295 -5.16955013984178e-06 -0.014388483956113831 0.18655989348862828 -0.04256332463804989 -9.842926473879743e-10 1.4261325721280533 -1.9172308185488873e-10 1.4257085004538848 1.4175082194691955
0.9997006777397889 0.017516227453753076 0.017080301589698248 -0.01701600259020657 -0.0038133286301416723 0.9998479455300232 0.017578696836135055 -0.9998393072391918 -0.0035141310442734614 -0.017165727611748914 0.1883674921138846 -0.04361353333657855 3.694076156079973e-10 1.4258767820477338 -1.6314221085167446e-09 1.4222602322756623 1.4166538859592857
0.9999944677809478 0.0025016591902838345 -0.0021922839219955526 0.002281218502173136 -0.036119294595413236 0.9993448817100505 0.0024208365587777146 -0.9993443541939012 -0.036124801606794536 -0.015039879683539037 0.1902781029871896 -0.042772220013901796 3.667040004984301e-10 1.4274648360226134 -1.7382983941161e-09 1.4279478918106525 1.418756439929986
0.9980487788451771 -0.044667687725650586 0.04362834765258318 -0.04367103432440425 2.0198208529434956e-05 0.9990459650852253 -0.04462595440646173 -0.9990019005313635 -0.0019305253265009938 -0.006982358755934129 0.1931692115498815 -0.042306046670962105 9.26919874189025e-10 1.4296893070181902 -2.6450877044226218e-09 1.4196640966011023 1.4157840199116105
0.998880459584704 -0.043566447737102276 -0.018433450339564807 0.021477429218236983 0.07046754998958729 0.9972828307118502 -0.04214911024003337 -0.996562235402303 0.07132435401697068 -0.007413548701447471 0.19388028458845363 -0.04168337819957163 2.566888923638544e-09 1.4216019973821519 -4.014432342103191e-09 1.4263354587552817 1.415732055023886
0.9998996697953307 -0.011834312110855484 0.007784561647998275 -0.006120190476427924 0.1346853449782485 0.99086951770484 -0.012774725504717012 -0.9908177465633894 0.13459940372574494 -0.01214454558049474 0.19305818143687722 -0.03959172667729095 3.2728095789025247e-09 1.427234718338342 -4.6140158360685746e-09 1.4258084300541922 1.4179400080295608
0.9987568759721761 -0.03748272284547857 0.03285952200487054 -0.02526451763216199 0.1876130261615443 0.9819180498205142 -0.04296983647995078 -0.9815275838725048 0.18643281698855907 -0.007254602343473518 0.1882181502468941 -0.0319393528681368 3.958178673713064e-09 1.4267925056684936 -5.693963522901413e-09 1.4232736480198636 1.4171712920303872
0.9959965180138548 -0.05668694155778511 0.06911965538905096 -0.057547112400479605 0.18508862159900513 0.9810354387120512 -0.06840516032174382 -0.9810855175831538 0.1810854528391278 -0.0025178738170766385 0.18555959002417477 -0.035528372312708514 3.624137434599106e-09 1.42041994782711 -5.28491295170852e-09 1.4158706888344499 1.410391084126224
0.9995178542294338 -0.026143140609209692 0.016750978349802242 -0.0073577480479417035 0.3247001062268554 0.945788403692883 -0.030164923673887553 -0.9454556452924462 0.3243511988021512 -0.00914442279236433 0.1877615825401849 -0.03865025867871463 3.216986677045952e-09 1.4268534772312798 -5.304509720360784e-09 1.4233929323671415 1.417703784203054
0.9981510685377349 0.05183507054019497 0.031742240612020134 -0.05019575989567854 0.4084780712281216 0.9113868832796802 0.03427579416255375 -0.9112951172852004 0.4103247240255936 -0.02110542156074144 0.18807068565391802 -0.03422685239130879 2.653219866033396e-09 1.4310140286375095 -3.986642127529194e-09 1.4332075512081257 1.4249196751252482
0.9970488948830846 0.07670776497539025 -0.0030692026489368973 -0.02652833021790657 0.3817813279014987 0.923871887959374 0.07203991191186768 -0.9210640240820659 0.3826895799907305 -0.026755086082081977 0.19685831731986364 -0.04463236071572965 3.0775959558582144e-09 1.4289324471385232 -3.6405980452514086e-09 1.442841483534421 1.4266374259117
0.9990768912196208 0.04283526988531101 -0.003241154854458153 -0.00626119561340871 0.21984707086195476 0.9755142555918438 0.04249897481620752 -0.9745934563125649 0.2199123281044065 -0.020942313421680413 0.18682516082566458 -0.033993476091202304 2.6995481405833743e-09 1.4305425202790945 -3.277559557091081e-09 1.4293132471397083 1.4209414895090973
0.9982501497485287 -0.0249715382121221 0.05360094034959255 -0.03753406510189558 0.432854039793869 0.9006822826008373 -0.04569280560401951 -0.9011180846667367 0.431159326702537 -0.0059162393515295834 0.19632395245123166 -0.02759360479014089 3.0870026535012585e-09 1.4405927208397795 -3.4622225086877734e-09 1.4395356112048763 1.432618145471917
0.9999969692317215 0.0002153817087104535 -0.002452577846017434 0.0023699987626678576 0.18558792616396783 0.982624803660086 0.0006668082454316417 -0.982627638158462 0.18558685323558524 -0.014207233133652694 0.1926492454261088 -0.039848212361838595 3.480190358118307e-09 1.4298825473754704 -3.533017434165231e-09 1.4299306045630065 1.4210951892479198
0.9953444254254166 0.09239095307402356 -0.02744788816322611 0.008324931929300047 0.2013058701791126 0.9794930536455084 0.09602171776697137 -0.9751614524895371 0.19959952729296795 -0.029850993803624992 0.19125836248704386 -0.028524303305683563 2.013698541247777e-09 1.4275810323402895 -2.2349908590513223e-09 1.4264584462005407 1.4160868366262873
0.9874635480002878 0.1517304895201738 -0.04351551356300194 0.0017534229621342934 0.26512019170901946 0.9642137778812789 0.15783746981816207 -0.9522022592380996 0.26153047742712426 -0.04022510186971851 0.17981859419368826 -0.017055969304572566 1.6883525688626833e-09 1.4200990869849006 -2.3172397334292327e-09 1.4176433820063634 1.4097317491713968
0.9851755962933246 0.16720410322176604 0.03836446707433088 -0.08107336825144756 0.25671259898241144 0.9630813831053224 0.1511825169404769 -0.9519146124466736 0.2664627876121576 -0.04238014227145852 0.20338407505753073 -0.00033254618518524515 1.0147331863663567e-09 1.4385462533001867 -1.9352501823277635e-09 1.4350561926414969 1.4289962588275786
0.9999982190863388 0.001885478627181452 -8.242874185439225e-05 8.244737126097286e-05 -9.802741215048557e-06 0.9999999965531686 0.0018854778126548997 -0.9999982224355466 -9.958176513592668e-06 -0.014585509418239313 0.18655233941749932 -0.04243898216961134 -5.823448390174235e-10 1.425989025031872 -6.153610954129363e-10 1.4260342054922521 1.4181753030683826
0.9998620165043506 0.015349352229490892 0.006351798012275024 -0.006090012731786289 -0.017042109441553537 0.9998362257143462 0.015455086437170092 -0.9997369473476097 -0.01694628016121728 -0.016798321302147364 0.1884261360414168 -0.04366647762620625 4.5211212551521385e-10 1.4260263406637597 -1.728373888454371e-09 1.4246528498849171 1.4176104421633937
0.9985604403807185 0.0534567360534871 0.004407298171621266 -0.0021710973990146714 -0.04181812500243097 0.9991228807095578 0.05359415306495435 -0.997694152429385 -0.04164186553771786 -0.022929375207208308 0.18646441720878776 -0.044839355317203386 1.0378027326396477e-09 1.4266917190100976 -2.5089263999689138e-09 1.4262035568224682 1.4177645547988602
0.9931570865578552 0.11297384683016991 0.02959579957200546 -0.0231867489429174 -0.05762890827115347 0.9980687769913118 0.11446124275653803 -0.9919253091154939 -0.054615062416521906 -0.032816152061892465 0.18845731201316973 -0.04616000182669572 1.7079413439091695e-09 1.427019036558712 -3.5147209587194084e-09 1.4212551841394054 1.4137552721381068
0.9905562943109293 0.13703644004948579 -0.004386558966099795 0.02030209756651511 -0.11496069519944822 0.9931625563791957 0.1355951792483755 -0.9838724778434568 -0.11665716740422623 -0.036301476403635215 0.19178728217053165 -0.04645036741604866 1.6129959590216458e-09 1.414979075911825 -3.273525450708803e-09 1.421101232091389 1.409756695488018
0.982328726733171 0.1869919101056619 0.00801861520607483 -0.0027868618084118113 -0.028224617166530835 0.9995977212794473 0.18714300958370814 -0.9819559035622929 -0.027204731630973995 -0.045058458084000205 0.18647025764156736 -0.04640610117332995 2.351596251060073e-09 1.4080688889898534 -3.841273077398455e-09 1.4082646224256088 1.3999388655394904
0.9864204449774948 0.16392605605913246 0.010146618909732327 -0.017096687687635045 0.041042512272438325 0.9990111187852107 0.16334750993055464 -0.9856184659041576 0.04328776580308165 -0.04276081847353634 0.19974280986615336 -0.04738718976216966 2.558092404569834e-09 1.4217502826855535 -4.066156300552848e-09 1.4210489527290289 1.4127527912888054
0.9895630841823447 0.1440808898253315 0.002366349650054861 -0.0010448408878720727 -0.009246966875972124 0.9999567000181127 0.14409653268224276 -0.9895227085775925 -0.008999915456268475 -0.04092335353912781 0.21235690963402323 -0.04230323722358796 2.7238407085405925e-09 1.44211972894397 -4.251098140173326e-09 1.4414310022040615 1.4328631892551673
0.9999996376863538 -0.00039742982203803175 0.0007527793152191861 -0.000752697681685814 0.0002055132739822593 0.9999996956052006 -0.00039758440720411774 -0.9999998999069105 0.00020521405501631489 -0.01406754810640447 0.1865652543085625 -0.04255197343296381 -9.183844795757068e-10 1.4288770189359683 -2.4726976022293456e-10 1.428677651796204 1.4192822725125636
0.9998476539783653 -0.017378789339553308 -0.001626811313737782 0.001555932889582052 -0.00409118719665736 0.9999904205842 -0.017385278450522262 -0.9998406072311793 -0.004063523690649658 -0.011422575800379725 0.18835230986192864 -0.04323076136265511 -9.72712577151924e-10 1.4293843055444277 -2.702318369074419e-10 1.4297152499338281 1.419814237024787
0.9992194415232507 0.020884286523893524 0.03353139213260813 -0.03281431997478255 -0.03378044116534597 0.9988904355329802 0.02199381928077526 -0.9992110529668207 -0.033068769895205956 -0.017791879970672886 0.19075377695157078 -0.045455614846571596 -1.9133139517180098e-10 1.427834186288523 -1.4950209958897176e-09 1.4201597928332292 1.416291353566253
0.9982663185172002 0.05775208655088094 0.011360185435786041 -0.012498764019510958 0.01939208662954154 0.9997338285134384 0.05751641689205323 -0.9981425967641958 0.02008029662947288 -0.02350591997444912 0.1929382321400478 -0.04480731542095885 8.918803473534354e-10 1.4280514998934901 -3.0184299504298906e-09 1.4250019641695504 1.4183428292734543
0.9989643294003411 0.045425533468320844 0.0026056659121113106 -0.0026208032430110255 0.00027368062264824226 0.9999965282386126 0.045424662641438525 -0.9989676901722274 0.0003924485651029501 -0.021619044067523383 0.19441652512052682 -0.044349067429450925 2.1768027380630883e-09 1.426191054015698 -4.600220648853792e-09 1.425612146210824 1.4174189124560117
0.9978816224300128 0.06160673264004247 0.02090162935907007 -0.024854556798627397 0.06411227010193045 0.9976331328843889 0.06012086678341736 -0.9960392699666994 0.06550766414256534 -0.02411383060765391 0.18869269432883845 -0.046194969455661 3.139653870221082e-09 1.4296192861870587 -5.775893541226651e-09 1.423611509183047 1.4177217844135317
0.9936598434959154 -0.10124515059886005 -0.04888286922723871 0.0481198781364036 -0.009966113584901116 0.9987918471374055 -0.10161000320741473 -0.994811588221723 -0.005031022556316383 0.0026635820923176902 0.1894488797296587 -0.04851955936135033 3.972395745677204e-09 1.4146528983104947 -6.321943857301449e-09 1.4272573452857058 1.4118562594478918
0.9946294935793903 -0.09779512392389891 0.03388634295279469 -0.02803969956013968 0.06055212245852742 0.9977711239128666 -0.09962904069889596 -0.9933627505611817 0.05748478100280961 0.0020788318331786317 0.19135258131950944 -0.04451799629863945 4.787136020922844e-09 1.4276139826299241 -7.421505188176525e-09 1.420508564376897 1.416306005936602
0.9790776501153257 -0.20064821209456993 0.033871079520799374 0.004712688116158756 0.18876741289505705 0.9820105164404438 -0.20343241043494437 -0.961304924991108 0.18576354748030852 0.019864627545965373 0.17923770247779672 -0.043779304487416015 4.939498587930302e-09 1.4063659395487669 -7.003346347289607e-09 1.4076049965917834 1.401105358684207
0.9985988393326278 -0.039842903595091475 -0.03482672991597941 0.03605645980910148 0.030573738971528413 0.9988819640935235 -0.03873357444857083 -0.9987380985615864 0.031967494303181326 -0.007704500081713304 0.1873321121747478 -0.0358394576882794 5.9995279855229455e-09 1.4239449094482746 -7.46298578491178e-09 1.4321537749562925 1.4193329421295164
0.9986283306356744 0.05233628147069757 0.0015397706408094847 -0.007648805808677522 0.11672810387656866 0.9931344549128694 0.051797229863261254 -0.9917839802130307 0.116968301566243 -0.022602281415407835 0.19233841577835234 -0.0461104557272852 7.136436330767992e-09 1.426391282972304 -8.48505354866802e-09 1.4246264647566163 1.4178027449713504
0.9989049044338719 0.04519893190989284 -0.012085050772005036 0.013509671905152988 -0.03134740845430744 0.9994172445721625 0.04479375696424879 -0.9984860522498067 -0.03192370278686553 -0.021893862068330758 0.2031465081141144 -0.02592458226510133 7.921083344797353e-09 1.427202896889141 -9.24159593296281e-09 1.4278166551794236 1.4187800854354187
0.9934179398728976 0.11421116029671498 -0.008752576898599429 -0.005304345238243274 0.12219726379557125 0.9924916587268977 0.11442316487617943 -0.9859125922639154 0.1219987694821755 -0.03271640159838347 0.19475361011962128 -0.04735680365232635 7.890650799424748e-09 1.4257211887237506 -9.346308615931775e-09 1.4262279094239485 1.4162867660816696
0.9843303572765593 0.17520406780766468 0.019931943393664997 -0.0014196235727020057 -0.10515756648374659 0.9944545594848103 0.17632847873418767 -0.9789001076896783 -0.10326106116258675 -0.04311770716028129 0.1851994352830271 -0.05775804915200085 8.236954229801086e-09 1.4119836428198242 -9.590150895633087e-09 1.412792022189894 1.4028745168462908
0.9980881959816189 0.06005413057970097 -0.014610080166571282 0.010356583769814687 0.0705383279437552 0.9974553049954259 0.06093188175968495 -0.9956996764543089 0.06978151685087039 -0.02412061643921673 0.20067495697031057 -0.04794843299856372 7.915558875026818e-09 1.4232102321593638 -9.304835124623878e-09 1.4269528685352082 1.4178720042597481
0.9999971579199006 0.002165473612223936 -0.000997434787924697 0.0009976046070216636 -7.73424982929815e-05 0.9999994994014677 0.002165395384092641 -0.9999976523683308 -7.950256493134468e-05 -0.01468367772818829 0.18654734179956026 -0.042411399659601765 -1.4802763459442758e-09 1.4275887348379737 3.319957642133886e-10 1.427492639684008 1.4185270610936254
0.99977344184137 -0.018031662661866267 -0.011310355003691505 0.011637311815954395 0.01813175289516456 0.9997678793153173 -0.017822400577899706 -0.9996729958734493 0.018337485079572138 -0.011353786742895779 0.1885079567385829 -0.04371135029405744 2.9097790843479743e-10 1.424211347470485 -1.1994245596724795e-09 1.4269053980062196 1.4173396587457852
0.9994755062283689 0.025094872524300572 0.02046850806812309 -0.020657437619902835 0.007292604616332227 0.9997600152981163 0.024939581402371985 -0.9996584743255562 0.007807175454382145 -0.01841363787146724 0.18754431426447496 -0.044228397641106657 1.5207950454509955e-09 1.4273852883270681 -2.720664582511745e-09 1.4220504383424801 1.4168136236118363
0.9960592180967678 0.08363429113783404 -0.02951845846800409 0.03234501123597411 -0.032645400716049065 0.9989434809138268 0.08258228800778031 -0.9959616373927062 -0.035221904398249466 -0.02776035134413176 0.18743816652273873 -0.04393348653408731 2.6618280912771297e-09 1.4191189097875645 -3.692719019454671e-09 1.426630045030394 1.4140057424319368
0.9908728665372446 0.1340176303163815 0.014499556015471909 -0.008083281192215398 -0.048297056070538295 0.9988003078394033 0.13455713628578636 -0.989801328115547 -0.04677294020336263 -0.03673627448301525 0.1841996206925438 -0.04441516603471557 3.2620262047089454e-09 1.4218069625051095 -4.237852735400338e-09 1.4203145149386227 1.4138064018626908
0.9787419288969328 0.20434137105557443 0.017573863953017285 -0.0009048279373144331 -0.08138327051862229 0.9966824692780026 0.20509368080346838 -0.9755108238019816 -0.07946832538605705 -0.04834115661446451 0.17392233584669478 -0.03809080520518146 3.6168890105159335e-09 1.4048259890197956 -4.310246382033256e-09 1.404262363259793 1.3962650925100668
0.9829542700043918 0.18382483744953448 -0.003054867719791559 0.03694554761007098 -0.18122480459993964 0.9827474735197775 0.18009977676811587 -0.9661086891930774 -0.1849272047961275 -0.043899148087567064 0.18092494035534598 -0.03372940166012815 3.5930103337022956e-09 1.4027432825842787 -4.023298139088638e-09 1.4114252162862435 1.400583282080019
0.9957710840353134 0.08967875573783239 0.0199416390612917 0.00044216888358246127 -0.22174146609323775 0.9751053926122548 0.09186812660447059 -0.9709729362779045 -0.22084339322254873 -0.029264521219636165 0.1839308754877966 -0.03572152107993916 3.4786511449169666e-09 1.4231048886978153 -3.94874177800375e-09 1.4238892948227253 1.4159431758187333
0.9974864783557478 0.06651133890488829 0.02443291416363734 -0.013572793470993385 -0.15908279041951728 0.9871719430118209 0.06954498382228827 -0.9850222878642994 -0.1577801877161345 -0.025441096277783435 0.18417999816661618 -0.043339127373481265 4.209174342406641e-09 1.4309622322984792 -4.730373426298229e-09 1.4276029565924677 1.4210661058712253
0.9975596275027145 0.06302706937964267 -0.030039608886588784 0.04121827405965638 -0.1843477399739633 0.9819964178397165 0.056354622349799974 -0.9808381616209199 -0.18649572983826118 -0.023102516344888226 0.18388770853432568 -0.04215975190114997 4.598074809791797e-09 1.433788418653081 -6.9640337940768404e-09 1.436638131259853 1.4255934236283538
0.9978622321762859 0.05862335879363997 -0.02888368743620541 0.03904842642113579 -0.18043545440791386 0.9828114097763836 0.05240406463427615 -0.9818382497114083 -0.18233887521163666 -0.02245442172081354 0.18426062044862498 -0.04395268531676186 4.3090331303119456e-09 1.4337963641360814 -8.014529484512423e-09 1.4366488353112263 1.4256950129974966
0.9789699944042044 0.20282971084637103 0.021859973792515027 -0.015605856646974201 -0.03238273253778945 0.9993536990834125 0.203406507502946 -0.978678428816822 -0.028536392100096897 -0.048257332643493446 0.17537930193629794 -0.042252464885128585 4.668536668361867e-09 1.40754163524175 -8.237241111430649e-09 1.4033419285966238 1.3968618743993213
0.9833694343001236 0.18066668171503744 -0.018550089011427046 -0.00306077061540197 0.11861026281697423 0.9929361697701056 0.18159071388012757 -0.9763663019956013 0.11719068631909252 -0.04417934705990931 0.18627665104431107 -0.040307567080554885 4.3154306794690456e-09 1.409663917592038 -8.046476374090616e-09 1.4074899171510937 1.399124802737977
0.9283386211164637 0.28600811596785003 0.23745896939072195 -0.34290958365384966 0.4122272726204975 0.8440863066927513 0.14352847098024313 -0.865024874387082 0.48076142181927073 -0.04494750979526329 0.18883485202764608 -0.0412754704468527 5.545943260187869e-09 1.4430560062648796 -8.082250424479298e-09 1.4578522733200519 1.4415789305397473
0.9996903255562576 0.018895290577644646 0.01619323881161221 -0.015898988849048043 -0.015620336311646952 0.9997515827679839 0.01914354049807341 -0.9996994413760054 -0.015315083078495086 -0.01738333869509194 0.18676672617795398 -0.04256455436210624 7.471623320043363e-10 1.426159958329901 -2.101046447933186e-09 1.4222694747207516 1.4165421727578247
0.9998747989301853 0.015820339473621874 -0.0003214393585107512 0.0007777043904973781 -0.028842711714091966 0.9995836599088938 0.015804481649293007 -0.999458760950104 -0.028851404123196797 -0.016863261982479713 0.18818412749456684 -0.04082576376778116 6.464571100650573e-10 1.4253624404685317 -2.119314501669578e-09 1.425420885490813 1.417019412081154
0.9981068308434325 0.05460693938663032 -0.02829905289058853 0.029333979038064 -0.018244610037455908 0.9994031478229272 0.054058041931555986 -0.9983412324327818 -0.019811908719759644 -0.02312092166304464 0.18692585196120826 -0.04357000839351262 1.7379822025986869e-09 1.4197718481562847 -2.9911717547292938e-09 1.4264005037487104 1.4151169746311627
0.9998811532939239 0.015304174451869029 0.001860519271420905 -0.0007712617902757928 -0.07087411894085525 0.997484969520648 0.015397546650795698 -0.9973678566650843 -0.07085389226028664 -0.016744384646476616 0.18624387416088917 -0.04181507350261622 2.1419621631935115e-09 1.4263975269786267 -3.35536931572733e-09 1.426238544076189 1.4178433493206928
0.997143972103204 0.07498555925782445 0.009003599337831406 -0.007004261968545012 -0.026883398638577145 0.9996140371122825 0.07519866496501712 -0.9968221751046827 -0.026281400401205027 -0.026378276417210474 0.18602006874725396 -0.038030707660845806 2.8107285388045966e-09 1.428882910227312 -4.1523851024294345e-09 1.427359509150942 1.4196059489326496
0.9975101114790772 -0.018424936629629157 -0.0680742183737226 0.06651311977435714 -0.07508218583907189 0.99495661727912 -0.02344317373738338 -0.9970071148591775 -0.07366973954954392 -0.010351781395982921 0.18743344598836503 -0.04157944681338152 3.132503145764076e-09 1.4096559979338705 -4.559223221178854e-09 1.4258727162239664 1.4091489014927037
0.9980613964776246 -0.058701261274951386 0.020678752038358443 -0.019013547365726934 0.02878567681640791 0.9994047577567323 -0.059261571677650254 -0.9978604846044117 0.027613753590258455 -0.0046632778591399054 0.19421442016104445 -0.04836461852412802 4.314955504014506e-09 1.4271981298507912 -6.195265633834879e-09 1.4228344650265923 1.4166594744459067
0.995903558492501 -0.08971352639508791 0.011295369127726829 -0.00146988447505908 0.10883967947297737 0.9940582294875131 -0.09040985356477312 -0.9900027309830904 0.10826195557267045 0.00031381964495918666 0.2013956019179006 -0.05490122894076112 4.929126440345044e-09 1.4261736854251614 -6.724898859999939e-09 1.424061219823547 1.4164120697218392
0.9899888665705939 -0.13830649535976056 0.028166600923282138 -0.0029220883415993146 0.17943129876028113 0.9837661665380257 -0.14111522053270792 -0.9739998574776586 0.1772308442893221 0.012283139638882841 0.21602287039767354 -0.048688758923227715 5.202210218158143e-09 1.4451739095416611 -6.9168191174640015e-09 1.4443313369567203 1.4377051505558303
0.9998489389333979 0.002507874598904591 0.017199124360108536 -0.01735294201592172 0.08782581174642112 0.9959846897389909 0.0009872776460401259 -0.9961326906371853 0.0878560636881215 -0.014229366759655297 0.20931501793545976 -0.051255038913699286 5.227110300154436e-09 1.4327156457157875 -6.970529931038527e-09 1.4335766729057227 1.4257976125535192
0.9885536234598222 -0.15028647522179192 -0.013255523749196023 0.0008317876708909405 -0.08243018386959801 0.9965964945335173 -0.1508676296417701 -0.9852001015796913 -0.08136165050955937 0.013314865370173477 0.20888342552976136 -0.059208733627851326 5.159505711560541e-09 1.4363601238388348 -7.367845888950342e-09 1.4372158003551991 1.430875584845431
0.99999997784288 5.8519550806977096e-05 -0.00020221202200448375 0.0002022077483483952 7.30262479726681e-05 0.9999999768895965 5.853431623982861e-05 -0.9999999956213146 7.30144132480137e-05 -0.014165998107614961 0.1866067304785692 -0.04248111903832802 -7.179368211041037e-10 1.42972640862589 -4.666675934572595e-10 1.4297863228792416 1.4201920636045893
0.9997229945160242 -0.020405797135297825 -0.01172764593541435 0.011926813221269518 0.009666154137796923 0.9998821513511327 -0.020290031106391146 -0.9997450519544757 0.009906852691155614 -0.010854440526954636 0.18735172428608876 -0.0425122355191383 8.495941727915124e-10 1.4266974321743309 -1.7933343698928184e-09 1.4294381882639984 1.418840674316531
0.9989452885712166 0.009869005610766228 -0.04484320650470577 0.04455957971498974 0.02729356688569109 0.9986338193062961 0.011079453821939787 -0.9995787432388261 0.02682502130654387 -0.016018609069996817 0.18777601383837697 -0.040814497013066775 2.1391448612462227e-09 1.4184943854399146 -2.785101038682569e-09 1.4295001792857907 1.4146487131988623
0.9980226100163395 -0.056182562482271714 -0.02818491740451539 0.02680451629019364 -0.025174032080634595 0.9993236642926314 -0.056854092224064796 -0.9981030947661312 -0.023618306790469126 -0.004872111077940601 0.19057085273345947 -0.039810625081893536 3.8415999270569046e-09 1.423920534451824 -4.077629789378534e-09 1.4303177193823142 1.417392314972565
0.9919315498781889 -0.12577644072354513 -0.01587725779757418 0.01896852699850199 0.02341801164295148 0.9995457927049655 -0.1253474983386633 -0.9917821755252548 0.02561485839569838 0.0064423413509321304 0.19171068031099 -0.03741724157164826 5.639376077226643e-09 1.418765920384529 -5.386591617195791e-09 1.4231586974145518 1.4136692327984308
0.9942613518788399 -0.10342386740023835 -0.027347171920319664 0.021309153504768412 -0.05904223374740943 0.9980280229587877 -0.1048345560250618 -0.9928834364043416 -0.05649953607715729 0.003230369983238693 0.18778529972863334 -0.04191096467931765 6.429228704973866e-09 1.4225386790142664 -5.8800715407869575e-09 1.425538600292903 1.4166332631757923
0.9975181933839737 -0.0663649733427323 -0.023519017436783765 0.023184066064638145 -0.0058128658521138625 0.9997143140274105 -0.06648272669411057 -0.9977784828827508 -0.004259829516828156 -0.0032802666178440246 0.19331336031843516 -0.042899126798647685 8.070644597069077e-09 1.4245699066382596 -6.991256462640649e-09 1.430125897887467 1.4176090336797298
0.9916639696208653 -0.12379638719281195 -0.03573549879034639 0.03734030877076862 0.010666677476228119 0.999245677164791 -0.12332182571098729 -0.9922503094026354 0.015200355051227073 0.0062579034798145835 0.19207256014916638 -0.039439045676520956 9.328477545977876e-09 1.4178274232405954 -7.558974779442451e-09 1.4266369393746103 1.4135442111593202
0.9878506144875907 -0.15025157395431596 -0.039694180691126624 0.03125391035026243 -0.05812551523309408 0.9978199324360609 -0.15223126007593465 -0.9869376317696767 -0.052723376718065804 0.010816675661986587 0.19191790064064576 -0.046682624307714526 1.0770057734532656e-08 1.4116611863030961 -8.164604992089153e-09 1.418096639745209 1.4087369904753766
0.984233944328438 -0.17671894776636676 -0.007345497398618934 -0.022542478563108075 -0.1665249477988779 0.9857795283027603 -0.17542912954215098 -0.9700720876620094 -0.1678831892928952 0.015256527690813121 0.18347489689797533 -0.04986107821662826 1.0044909792839007e-08 1.4166885577206303 -8.429482001304223e-09 1.409509385682794 1.4060336111545997
0.9778672743834189 -0.20484744643875066 -0.0425807160281059 0.01083309961087205 -0.15367086304602198 0.9880627054005789 -0.2089455375038289 -0.966655465788206 -0.14805057520665743 0.02075676304098556 0.1771738824471763 -0.058603070426229045 9.665118483326296e-09 1.4033704741497681 -7.910830213120335e-09 1.4052784669893637 1.3987787201520065
0.9905836403842734 -0.13303510128905718 -0.03233748951373171 -0.0009468435049204832 -0.24284835645732278 0.9700638016405696 -0.13690564228846666 -0.9608987134922117 -0.24068757242241445 0.010411613112124386 0.20334048316593545 -0.05096728697375284 9.731811800861578e-09 1.436312384752136 -7.839812354859532e-09 1.435444453499672 1.429629350498062
0.9999904985662513 0.0023222438667151865 0.0036891680150994434 -0.003692299273046038 0.001345536045334136 0.9999922781996013 0.0023172620262699602 -0.9999963983516011 0.0013540976801534527 -0.014573957283731759 0.18644056760240582 -0.04321333541303675 -1.6233805411047797e-09 1.4277996226253657 4.738032188811303e-10 1.4270923639611688 1.4183020678402993
0.9998359753052399 -0.012576996575012444 0.013032330665380466 -0.012809223634851909 0.017659730636738827 0.9997620005299813 -0.01280415070561269 -0.9997649489109879 0.017495732443027486 -0.012110147653208263 0.18636148431980726 -0.043290910907083646 -5.761986443530986e-10 1.4292079918256269 -7.811342683794464e-10 1.4261654724733797 1.4188007357870207
0.9986675316468538 -0.050776203525651195 0.009216202574904589 -0.00987471634390788 -0.012733377908500808 0.9998701671037928 -0.0506522577138215 -0.9986288791350673 -0.013217811692245425 -0.005950174874349121 0.1880045924873465 -0.04167717287092343 1.3739800408529845e-09 1.4297829877499613 -2.8991902212283094e-09 1.427324121751436 1.4187742803809824
0.9998220716393109 0.0025252347045992695 0.018693535047263763 -0.01861887853042186 -0.026911313389673758 0.9994644158617715 0.0030269498089639476 -0.9996346354550395 -0.0268595080655726 -0.01472308419012574 0.1877299547600882 -0.044246105665289054 2.9535547341197343e-09 1.4282348126524793 -4.770461359271394e-09 1.4238404216549272 1.4172839307685265
0.9994251554796317 0.03376780408111967 0.003015626311878574 -0.00021255750007163546 -0.08270774497702439 0.9965738225240138 0.033901525243312275 -0.9960015885169834 -0.08265302328301395 -0.019622836256324314 0.18993674110441477 -0.041954266270602183 3.3000020494000637e-09 1.4293225652681167 -5.211954423600673e-09 1.4293048890640474 1.419873556945059
0.9970541803533305 -0.07668650958010627 -0.0014631091444350583 -0.004032542398873365 -0.07146002619524644 0.9974353128188194 -0.07659438648980453 -0.9944911482283767 -0.07155875944743234 -0.0016777615927613763 0.19256782546163592 -0.038825495380723066 3.308872287277609e-09 1.4280370992480247 -5.335717645493787e-09 1.4269311990178357 1.4181946716037075
0.996379940734879 0.08495971083893265 0.002976782713604173 -0.005365981522693103 0.02790706181794681 0.9995961195117693 0.08484232401023194 -0.9959934956789901 0.02826192883878551 -0.027879563697235252 0.1952669163904657 -0.033820407306348915 3.1261375710300854e-09 1.4269077263133942 -5.275118120096067e-09 1.4247917171891897 1.4179465136379354
0.999579964174684 0.028919496216214105 -0.0018862553215607258 -0.0004144117993233609 0.07934254061945405 0.9968473250758668 0.028977982735144275 -0.9964278318005027 0.07932119849038476 -0.018875837949426856 0.18679638701523968 -0.02963044959958243 3.1782390053081144e-09 1.4280771551411773 -5.457176932566199e-09 1.4279251468760554 1.4187969188841505
0.9899916416494311 0.1410415874330245 0.004880581792881811 -0.019229767276495446 0.10055453427190812 0.9947456969938858 0.13980974756702882 -0.9848837780427354 0.10226034536178487 -0.03742161293504576 0.1956206239190625 -0.025696930111389973 2.46468800924049e-09 1.422912334885229 -4.881710147230933e-09 1.4266845686848448 1.4149250720399493
0.936085880878186 0.26491698240040074 0.2314351227803954 -0.3131643502619319 0.3279283892205012 0.8912861837077188 0.16022269922059412 -0.9067976422439096 0.3899316897552104 -0.04844855194836739 0.20019886888497487 -0.03467532527596748 4.042405521431647e-09 1.4494283144066396 -5.03605956936326e-09 1.4641797125694325 1.4483375990151046
0.9999990742842355 4.031970217667674e-05 0.0013600753632153702 -0.001360072179560223 -7.888282656704378e-05 0.9999990719901525 4.04269513485907e-05 -0.9999999960759107 -7.882791583874902e-05 -0.01425076560065869 0.1866536911919783 -0.042528000906383354 -1.1537233390868096e-09 1.4272317160448251 -1.5583268009322637e-10 1.4269120794484484 1.4185213946200683
0.9998329753496177 0.0005752809276063308 -0.018267196155539657 0.018255698894780018 0.015952680690249754 0.9997060775231178 0.0008665225869866677 -0.9998725823977019 0.015939514043940513 -0.014288727495606389 0.18719179264452765 -0.041730227018715746 -3.8479885944298076e-10 1.4257807299699161 -8.13623834972077e-10 1.429772275212967 1.4184662476116072
0.9987730137327223 0.031268441226853225 -0.038402495003556074 0.03768314112648142 0.023279078132019907 0.9990185510770884 0.03213172753054229 -0.9992398956729891 0.022072221939280427 -0.019428123515468257 0.18833794750457675 -0.043642065240523636 1.116012171564762e-09 1.4214189540307514 -1.7623404957589628e-09 1.4303629144518828 1.4164177110775666
0.994738429195491 0.09096689162147907 -0.04712199179165856 0.04014175188371146 0.07709516151609926 0.9962153260347449 0.0942554891631973 -0.9928652278630433 0.07303794947199536 -0.029722211585797548 0.19005717036117753 -0.041374828184073745 2.227765527607062e-09 1.4162472064681504 -2.4840716150720255e-09 1.4254377812169325 1.4123396110190942
0.9853380607014317 0.16944449303477374 -0.01993664749475251 -0.004580755166737928 0.14308455444335264 0.9896998671121712 0.1705518185632857 -0.9750976228357526 0.14176284112848586 -0.04250508521504101 0.19027308497087325 -0.04655106161701003 2.8887203740168843e-09 1.4141682635491488 -2.8035849197749485e-09 1.4179541988354263 1.4055243546208276
0.9936331657099509 0.10665949127819811 -0.03628890907009502 0.029781041249493434 0.061987593582660074 0.9976325114108536 0.10865643829666796 -0.9923614720262506 0.058416498136874336 -0.03166423870620642 0.19388102107680488 -0.05267773388283657 3.816579940973952e-09 1.4227364663034576 -3.5722544922123234e-09 1.4291163745430318 1.4163385908471415
0.9969414326777544 0.051695336603872766 -0.05861204640548513 0.06371038462452167 -0.10322595653123437 0.9926154284460862 0.04526330413725846 -0.9933136433532079 -0.10620376277210725 -0.020996858467672366 0.19279553376918981 -0.03876622238952834 4.300229505815878e-09 1.4269506631255213 -5.823957316408723e-09 1.4360450180247906 1.4225446247810325
0.9999980850225356 0.001956994881372037 -1.1058749184652881e-05 1.1087168348971222e-05 -1.4510990680216132e-05 0.999999999833253 0.0019569947205723076 -0.999998084978399 -1.4532660423703835e-05 -0.01449880730280276 0.18615474295896775 -0.04242132580074151 -1.7066703605905786e-10 1.4275611324204815 -1.0538920847125155e-09 1.4275527039898268 1.418433677957582
0.9996045064263687 0.02243438150354796 0.01695668772636117 -0.01669055243752968 -0.011997376352751629 0.9997887218907704 0.0226330773741914 -0.9996763283619371 -0.011618189246615163 -0.017908385375545913 0.18599737324042073 -0.04214478888194671 1.04537800638127e-09 1.431598252588822 -2.228434325957096e-09 1.4277905191191849 1.4204230947569139
0.9994790448683888 -0.015073400427028457 0.028538245715874398 -0.028730577765322396 -0.012701077830413974 0.9995064964887503 -0.014703495171010453 -0.9998057187381517 -0.01312752864189781 -0.011939727813945958 0.18710665037374924 -0.04430627901646943 2.242514618444602e-09 1.429295302734812 -3.5036160639378977e-09 1.422562010626688 1.4167186344253606
0.9976135164007739 -0.06831583287063754 0.010010937702027677 -0.013882215011873594 -0.05643004797840511 0.9983100389115191 -0.06763546407652476 -0.9960665623663643 -0.057243753675026515 -0.003099796821774997 0.18844422066234376 -0.047757048111092895 3.529196490603681e-09 1.431012762522541 -4.897130700953767e-09 1.427441483311477 1.4207258394853097
0.9994763711177965 0.014891421436787997 -0.028726801854582075 0.029401829590999365 -0.04728922774090316 0.9984484269887809 0.013509848034018857 -0.9987702310878419 -0.04770230077089313 -0.0163180960492805 0.1871235321300909 -0.05168878461004718 4.8980348665850215e-09 1.422400498999119 -6.088841431051151e-09 1.4294511530914153 1.4167854659685126
0.9955670285610108 0.08135391490994974 0.04719991706585966 -0.04047220905201362 -0.08244975269414379 0.9957730858860991 0.08490166038806002 -0.9932691371473791 -0.07879168264386373 -0.02825663258888407 0.1892655150870712 -0.046662183950483355 5.711686235088109e-09 1.4267622130591624 -7.1308203786202284e-09 1.4176969336278145 1.4136966302606302
0.9922395013280161 0.12156627418275134 0.026123035536751424 -0.01860822118091013 -0.06254649078286743 0.9978685637874516 0.12294106762515357 -0.990610709346549 -0.05979896670607791 -0.03438160173109036 0.1892387433452412 -0.05059797890331279 6.015943299075843e-09 1.422060012555562 -7.712424476835622e-09 1.4182139770796072 1.4120220340287117
