0.9997407829221439 0.022443831971256045 0.0038264041428931134 -0.002666817289454346 -0.05147038604838444 0.9986709605498574 0.022610949731565723 -0.9984222923024486 -0.0513971904461743 -0.028996715287997535 0.14154014321840364 0.028470560844920723 -8.599414513810189e-10 1.6334620780355058 -6.195444157697239e-10 1.6330722351138816 1.6314372664183772
0.9998464778931012 0.016566055823559633 0.005708453311605777 -0.004888464443582693 -0.049123302632404275 0.9987807587523244 0.016826275884577215 -0.9986553293969526 -0.04903477854462244 -0.02769329198286582 0.14151151522747035 0.028317800599767212 -7.598357498750374e-10 1.6464915303243615 -6.733467117214786e-10 1.646476260866791 1.6402484334084848
0.9998187139316337 0.01734127318332087 0.007862538805967767 -0.007040816025988767 -0.04694778753581364 0.9988725304838352 0.017690850227789854 -0.9987468074992147 -0.046817179841852616 -0.027938884783364815 0.1410898853078273 0.027976580530011924 -5.366871391743189e-10 1.6536351496781014 -8.470335544075169e-10 1.6534287704632762 1.6507002292873922
0.9997748519137144 0.016758581691263 0.013015199599221195 -0.012276076070130431 -0.043476199316185606 0.9989790378428066 0.017307323225463665 -0.9989138952045448 -0.04326068110944115 -0.028144130362990204 0.14129380676122769 0.027456385895631846 -3.7633451910323856e-10 1.650425520738418 -9.380114462942402e-10 1.650116417553857 1.6478517009397207
0.9997499252266393 0.014734825071492506 0.01682176980707012 -0.016295693135502113 -0.035123419980560566 0.9992501167145805 0.015314613758207848 -0.9992743518668843 -0.03487452231149893 -0.028001933947864745 0.14166761511417467 0.026336016493788222 -1.7752910252966103e-10 1.647764223298907 -1.0010792195203067e-09 1.6476422496705894 1.6456881428457706
0.9997366073073418 0.010347332578297517 0.0204853293388205 -0.0202223768436597 -0.02490814086572806 0.9994851874807381 0.010852257110797413 -0.9996361924355915 -0.02469233258471132 -0.027443721385579975 0.1418232298391328 0.025119711131085576 1.7755130699015353e-10 1.64380254941754 -1.1800285193430682e-09 1.6437981316811978 1.6422578967567674
0.9997260213826806 0.007436033614367397 0.022194314011521117 -0.02200261940228079 -0.024938749320816595 0.9994468187561316 0.007985418573523967 -0.9996613247427348 -0.02476830441928051 -0.02693314886819767 0.14179751618959094 0.025053747076487776 4.5276760118895254e-10 1.6406815306251081 -1.35456357241992e-09 1.6405998519150096 1.6391688021723123
0.9997330166428533 0.008015193036370985 0.02167145852891362 -0.021536649012223307 -0.016539572817496503 0.9996312396480709 0.008370674017366436 -0.999831085339721 -0.01636253662763037 -0.026750518020959638 0.1421001509769947 0.024110741634090382 6.07584205170042e-10 1.6395267187595692 -1.3982948132706952e-09 1.6393570080711237 1.6376324089505898
0.9998362978970133 0.004225333187652495 0.017593293240545458 -0.01750190834706952 -0.02076983741876177 0.9996310804780977 0.004589184220019758 -0.999775354973832 -0.020692485958511513 -0.025786692861091174 0.14179938845599546 0.024608801538164193 8.680789420623114e-10 1.6466393741987977 -1.4736922793190388e-09 1.6462161115784513 1.6428067122380448
0.9998165812986184 0.002741338990082209 0.018954915480816355 -0.018888530122896003 -0.022496425780300856 0.9995684740211188 0.003166573880377129 -0.999743164961708 -0.022440519651007268 -0.025592453745706144 0.14163400389916916 0.024817951368443336 1.3788019614935365e-09 1.6499776182068127 -1.8213119901133723e-09 1.6492636032727424 1.6479398982825577
