0.9789414248205586 0.20411701001693786 -0.003151664963143317 0.0008383140716202146 0.01141893074513965 0.9999344504767075 0.20413961888818138 -0.9788798977619179 0.011007350171820052 -0.048205790989288094 0.17224571181938586 -0.044885007696220086 2.115640798550089e-06 1.4070542053849397 1.1894574214466047e-10 1.407400492042047 1.3999645032059531
0.9792398226671509 0.2026916824499231 -0.002334859401879308 0.002706210451195029 -0.0015549775364171203 0.9999951292230654 0.20268706453003074 -0.9792413716293246 -0.0020712222764287897 -0.04793938580985702 0.17256942018086335 -0.04223109281832195 0.0 1.42958 0.0 1.42958 1.42958
0.9800952593810761 0.1985275800641529 0.0002872152719210218 0.0008482086799816136 -0.00563415881951353 0.9999837682664813 0.19852597583383452 -0.9800791071175161 -0.005690405166231452 -0.04746889783274638 0.1725599050419382 -0.04233491968367359 2.115300861582625e-06 1.3962642614835579 4.744000747791688e-10 1.3963551653854616 1.3894818364847756
0.9797572943544074 0.20018835228924292 -0.0005174621231786743 0.002068629789693542 -0.007539443728111392 0.9999694383125234 0.20017833281882472 -0.9797284217557376 -0.0078009405770869174 -0.04759386248877724 0.17258995431549407 -0.04328356242079376 0.0 1.42958 0.0 1.42958 1.42958
0.9798986006328021 0.19942671806567777 -0.005264655679955765 0.00692827736562596 -0.007645083088894551 0.9999467744221733 0.199375854733267 -0.9798829199583574 -0.008873089837404773 -0.047466087043828244 0.17243080262912064 -0.04286054099148369 0.0 1.42705 0.0 1.42705 1.42705
0.9793527135807707 0.20212715022156527 -0.003588529683573079 0.0003889318193017019 0.01586712232092109 0.9998740336468853 0.2021586286410279 -0.9792307437844064 0.015460895621446138 -0.04794125624696421 0.1723986513174106 -0.04280547829296448 2.115178928896455e-06 1.4011000410755337 5.545013337382443e-10 1.4015988131337442 1.3932189969856186
0.9794579110465323 0.20130406456225053 0.011784484676069296 -0.012594207656785107 0.0027420737116918823 0.999916930032319 0.20125502831447714 -0.9795249637566553 0.0052210109808412015 -0.047836790357587866 0.17319189649110134 -0.04130815461727884 2.1157123484272233e-06 1.4009755359746716 1.2077450151082303e-10 1.3962757469208498 1.3908016280107445
0.9810857828776789 0.19350741543214015 -0.005056363126302308 0.007716037001434728 -0.012993344206091079 0.9998858113701459 0.19341962001897425 -0.981012769121338 -0.014240695650158418 -0.04643945976054862 0.17293804002029756 -0.04422938268861121 2.116125372708666e-06 1.4024876788960219 -4.2461412164129797e-10 1.4055212196991071 1.3949489969969804
0.9797419527363558 0.20021485150146517 0.004440640336557358 -0.0019152562519551546 -0.012805299798166053 0.9999161745319296 0.2002549321286288 -0.9796683303727468 -0.012162426683557217 -0.04764965545255757 0.1727095287747008 -0.043891371683984576 2.1165681065582476e-06 1.402488809415483 -7.048148731314541e-10 1.4015038069552679 1.393820768678947
0.9787661264453221 0.20458194908734706 -0.012770897808754266 0.015695650316366865 -0.012679872560262859 0.9997964129726621 0.20437836549979027 -0.9787673099054124 -0.015621676483544577 -0.04825972640571209 0.1714613580525013 -0.04291189758321212 0.0 1.42322 0.0 1.42322 1.42322
0.9793037611126746 0.20223253391025406 -0.008133000602948148 0.0017825500148223286 0.0315640475764415 0.9995001417788978 0.20238815673357533 -0.9788287455570714 0.030550300901229278 -0.047972929810310413 0.17313193615266503 -0.04185055541389521 0.0 1.4225 0.0 1.4225 1.4225
0.9802335704605312 0.1972934014380051 0.014746562013600946 -0.006933374167465735 -0.04023419168379102 0.9991662214777909 0.19772221844004464 -0.979518516194857 -0.03807099639585418 -0.04739394175238358 0.17341876753152974 -0.043307880696485515 2.1167080674899807e-06 1.4005678073405834 -6.463451995841751e-10 1.3985448578915562 1.392285401315009
0.9805309798728863 0.19480789923327524 -0.024675492007970232 0.01699035864592964 0.0410228874133999 0.9990137388551521 0.19562802770206525 -0.9799831657250982 0.03691435591764264 -0.04686628236648682 0.1746297636869328 -0.04551326097454844 0.0 1.42821 0.0 1.42821 1.42821
0.9796812110183322 0.20055692844786063 -0.0012818850235977294 -0.004922498008134925 0.03043402461884423 0.9995246566037574 0.20050060795671898 -0.9792092159477765 0.0308028831755533 -0.04762847439476643 0.17283269835406753 -0.04046423594070066 0.0 1.42394 0.0 1.42394 1.42394
0.9901870652830354 0.1378887383322504 0.022721610579146553 -0.028129981978106497 0.037401381694183784 0.9989043201234428 0.13688783678647862 -0.9897412957376822 0.04091317210156453 -0.03781261008375021 0.17742827248085832 -0.0399020067636756 2.1176258382382684e-06 1.4135419043750321 -1.920231973429054e-09 1.4082298529502824 1.4060706908262794
0.98490079022424 0.17218443794196214 0.017970886073812795 -0.01505507832171945 -0.018225256997472912 0.9997205532668131 0.17246384558044117 -0.9848961160132507 -0.01535781981985345 -0.043142231599774414 0.17556307741426327 -0.04396704105455068 2.1186083047908255e-06 1.4124140127407339 -2.798957510208311e-09 1.407064849940964 1.401305056272725
0.9859776768150705 0.1668291479157819 -0.004007022342137451 -0.004358208443731949 0.04974621909509813 0.9987523815765865 0.16682034300863074 -0.9847300894617961 0.04977573773482552 -0.04229328182264255 0.1763712235130166 -0.042774209000761954 0.0 1.43829 0.0 1.43829 1.43829
0.9842515630081482 0.17526441137639384 -0.023048792178844535 0.017727368367393376 0.03186768930997642 0.9993348741982386 0.17588235024238252 -0.9840055063275455 0.028258846230638637 -0.043714269044893735 0.1764001202505342 -0.043898321017054126 0.0 1.4358 0.0 1.4358 1.4358
0.9809971172256005 0.19319368325294572 0.0179124745979477 -0.009985641487740282 -0.04192655043763083 0.9990707939543019 0.19376517478417007 -0.9802644363229552 -0.0392006622558696 -0.04648455098260016 0.17396851283245107 -0.03890444732163571 2.12022282219948e-06 1.4074530007012616 -3.9152165953737494e-09 1.4033635512080531 1.3956130882826976
0.977302835163854 0.20913754905278098 0.03377356890955606 -0.042686085510396654 0.03824843021594129 0.9983561266851702 0.20750196742318375 -0.9771379345630851 0.046307562592908025 -0.04866414752914354 0.17136906127973972 -0.04592479288542575 2.120551098272472e-06 1.403389072503824 -4.5341561616396575e-09 1.3927441918015528 1.3893879645395355
0.9789062103041296 0.20318684398660983 -0.021394809154748097 0.03529026248507148 -0.06501240115420152 0.9972602393908523 0.20123923275977224 -0.9769792700599775 -0.07081156029443196 -0.0477123728784466 0.17722017754055094 -0.03950962570978364 0.0 1.41727 0.0 1.41727 1.41727
0.9805773957435772 0.19236121976310494 -0.03827704387742942 0.03515531151553278 0.019616788741710592 0.9991893142301458 0.1929561479429719 -0.9811280970040118 0.012473261012918685 -0.04640659737036742 0.18137687199122332 -0.04639026322671096 2.120896033908082e-06 1.390000430150585 -4.635618111592521e-09 1.4004735262448689 1.3880803938704709
0.9937403514805703 0.11160986293086517 0.0048324254599709515 -0.002058591868836307 -0.02495482408475871 0.9996864603236438 0.11169546113781997 -0.9934387224441437 -0.024568856500812516 -0.03265330936846236 0.184415450170624 -0.04673039707467906 2.1209732494753553e-06 1.433725718378259 -4.679437282106846e-09 1.4333709863099564 1.4210150522904632
0.9973742136648371 0.06084536183945893 0.03927492659538592 -0.037535615857478326 -0.029470169586486628 0.9988606442576179 0.06193347607431266 -0.9977120581847094 -0.027108919089176304 -0.023950401217039986 0.18723514208197117 -0.0487264778679416 2.120783728187803e-06 1.4344613057410154 -3.263111558737819e-09 1.4227965127343687 1.4150822340434948
0.9986363745669442 0.04341897538306786 0.028985927076328313 -0.027813816859441745 -0.027360574644554065 0.9992386054125557 0.044178988031632296 -0.998682227503726 -0.026115617639576476 -0.021089522971622744 0.1879896188121513 -0.04626827040610318 2.1252674144989214e-06 1.433392760987367 -4.946565823615856e-09 1.4243988260366152 1.4158243476079289
0.9989096050626035 0.03678448757835941 0.028748954542229282 -0.02924020621939048 0.012887209504462855 0.9994893346961916 0.036395209216614786 -0.9992401219450636 0.01394874335892786 -0.02020080768315608 0.18969123079758465 -0.043349550328139766 0.0 1.44646 0.0 1.44646 1.44646
0.9979044265037288 0.060087889459948446 -0.02400418931172703 0.018932318937781092 0.08359758783377699 0.996319733121859 0.0618734423149573 -0.9946863268632092 0.08228479985680646 -0.02441381150893829 0.18555846927814953 -0.046936301357534474 0.0 1.44704 0.0 1.44704 1.44704
0.9878245231461338 0.15557215246580222 -0.00012980088946218382 -0.01138171627985178 0.07310166667119342 0.997259546389213 0.1551553028601945 -0.985115958507957 0.07398229712107086 -0.040028975044594246 0.19428115811362842 -0.045980685995202455 2.1310749316327815e-06 1.4167657103496492 -9.77217684550169e-09 1.4180204649463253 1.4085455692213582
0.9946984003199821 -0.10061750692251721 -0.021241697238347387 0.024669686444064694 0.03294855920496809 0.9991525404146596 -0.09983235433275098 -0.9943794596365182 0.035256081480592 0.0021162864331671534 0.19401068356480616 -0.04088311375326968 0.0 1.44704 0.0 1.44704 1.44704
0.9972239572561532 0.06484891751149764 -0.03659230755178775 0.03532533908197027 0.020577700181431638 0.9991639898805337 0.06554768869396904 -0.9976829036085714 0.018229765605965554 -0.02504674045585134 0.19271090821279474 -0.040355108958531574 0.0 1.44704 0.0 1.44704 1.44704
0.9961428530297559 -0.06789146091284635 -0.055589260589232706 0.0506174023685521 -0.07287847955423427 0.9960555234500351 -0.07167492542862014 -0.9950273748761803 -0.06916088715321127 -0.0024919897181399646 0.19254540909734125 -0.04553985465021165 2.133566292528144e-06 1.4110093875964047 -1.1407514044492473e-08 1.423988925600053 1.4087713017448378
0.9996013382480069 -0.02771156630887499 0.0054068165774811775 -0.004336187356040521 0.03855025457569984 0.9992472543626837 -0.0278991407037388 -0.998872337671265 0.038414723520226284 -0.010100071528004434 0.19000076234910507 -0.034822861686023554 2.1333812112445116e-06 1.4248113198390975 -1.1409936995221415e-08 1.4240531353589105 1.4147237544693807
0.9994097395111051 0.03431541866454259 0.00162006549942187 0.00022707662112028747 -0.05375617287657791 0.9985540657940719 0.03435288934796308 -0.9979642909040085 -0.05373223496101733 -0.01965227412857811 0.1989327095661514 -0.04245581057813526 2.132762672246713e-06 1.425833819183568 -1.0680103912363847e-08 1.4280737798006413 1.4184248024249069
0.9984172955544273 0.055556360484265994 0.008740408887784407 -0.011822764590513256 0.05539739197153567 0.9983943866029042 0.05498296259043049 -0.9969175591654981 0.055966544044500355 -0.02329709021088157 0.19302605605055395 -0.044042577863542764 0.0 1.45122 0.0 1.45122 1.45122
0.9885732710188467 -0.14241250461142074 -0.04941220858654027 0.04005164357353226 -0.06786322307959115 0.9968903895616149 -0.1453229289346882 -0.9874782334226672 -0.061383913546562474 0.009543032253685042 0.1946327767175829 -0.04907792112089342 2.1322471637219564e-06 1.4094388389084758 -1.0086921520269243e-08 1.4189101950770606 1.4069628491392603
0.9869455109895947 -0.15996781264950274 0.018677720782286647 -0.002569501363545834 0.10031694219406975 0.9949522143156295 -0.16103402125088415 -0.9820116139969858 0.09859631826191351 0.012209704195879011 0.19272670882787768 -0.044107431615746734 2.1322771788234718e-06 1.413937919518247 -1.0124079352635817e-08 1.412630158881039 1.4068804589491517
0.9934899626518231 -0.1091751645264788 -0.0325342521152059 0.04056932805947112 0.0722026652703378 0.996564551220172 -0.10645103912542378 -0.9913967715190906 0.07616178628841144 0.003294554081825862 0.19078486785367926 -0.04489641468776648 2.1331731865359416e-06 1.4128782828260258 -1.045164843560542e-08 1.423320991713049 1.409928341418973
0.9898883316448431 -0.1408180398897565 0.017069578641425692 -0.011716235897341429 0.03875792735611229 0.9991799401926842 -0.14136414216408175 -0.9892765552203616 0.0367161626746044 0.00990160606247074 0.18399919713489093 -0.043398396245056356 2.1334122353167118e-06 1.414037703833821 -1.0341507206135248e-08 1.4123077211420867 1.4037433783361832
0.997019951726623 -0.07191816573067686 -0.027910451393290542 0.026126625378727703 -0.02562618330545638 0.9993301247213129 -0.07258522787290779 -0.9970812786163071 -0.023670837068173065 -0.002327883318760722 0.19076924607097587 -0.05021568122800586 2.134397529829357e-06 1.417260998769465 -1.071371524830056e-08 1.4244623558744998 1.4110465769878022
0.9894789016605834 -0.14115525489984918 -0.031728491655359264 0.02151790931197127 -0.07328310940312804 0.9970790166556766 -0.14306810527649894 -0.9872713810753191 -0.06947472462863637 0.008876409137991637 0.19756854781908403 -0.04224844897225387 2.135579627804418e-06 1.415173540197931 -1.1381867892623632e-08 1.4197143456949037 1.4090023220041363
0.9904905900875178 -0.13737901956072457 -0.007442844390070855 0.007048736132257191 -0.003355030413109654 0.9999695290806938 -0.13739980446499392 -0.9905128715748528 -0.0023547775946508066 0.008325952733917279 0.19335542134393963 -0.04527683887131653 0.0 1.44374 0.0 1.44374 1.44374
0.9999962031379683 -0.0020718623547601616 0.001816891859730288 -0.0015287835823048074 0.13145004454858272 0.991321617139934 -0.002292712455913677 -0.9913206308629708 0.1314463780217468 -0.01397218909343198 0.18824256161843322 -0.047078293581488725 2.136853023415597e-06 1.426120330006662 -1.2867383603065718e-08 1.42576542934012 1.4161592302022736
0.9881255123412979 -0.15359545936347688 0.004050521345472374 -0.01431427263405756 -0.06577645227511533 0.9977317073868391 -0.15298063099361786 -0.9859421348076276 -0.06719399788502337 0.010711225578972396 0.19829505851535728 -0.04114256678835432 2.136757518478305e-06 1.4164418200776137 -1.2572455077020095e-08 1.412277840818625 1.407463243372808
0.9859068005054619 -0.16728137975025995 -0.00217271855811374 -0.01897964948971856 -0.12474501449608259 0.9920072853883783 -0.16621538323010562 -0.977985491378692 -0.1261619000746567 0.01303333891734115 0.19241399165286802 -0.050371054174490226 2.1368140803446067e-06 1.4128275182639314 -1.2593932119386864e-08 1.4073718320218989 1.404268402110974
0.9965556551856133 -0.07809208039654283 -0.02790077233542089 0.020389466243353888 -0.09538103530125755 0.9952319969590866 -0.08038094167079798 -0.9923729566469455 -0.09346025428980821 -0.0012927179960247454 0.19621999743271942 -0.03934113780381701 2.137684533387585e-06 1.4198135232409381 -1.3143313104535537e-08 1.4243571281570455 1.4138531612750347
0.9998970477964164 -0.01140829604317962 0.008703136756493472 -0.007170369814766617 0.12811387742332725 0.9917335429480442 -0.012428982449522523 -0.9916938465035224 0.1280188861157509 -0.01215823225461054 0.1891606536959975 -0.03507361152276839 2.138053357469971e-06 1.4269112182612824 -1.3881140681348825e-08 1.4248688065438335 1.4155499731113004
0.9970331825252647 -0.07525633323292481 0.016165310138600245 -0.01652184644063988 -0.004117427950434608 0.9998550271800731 -0.07517886361028657 -0.9971557205850088 -0.005348585874600303 -0.0010363536183116643 0.18859517051408534 -0.04155592339528835 0.0 1.5145882632392396 0.0 1.5145882632392396 1.5145882632392396
0.9983238756752093 0.011093654155043361 0.056801145184915594 -0.052634979960207426 -0.23401982855077264 0.9708059943828405 0.024062380210987687 -0.9721685299795274 -0.23304366795951909 -0.015462835123628237 0.185131877944435 -0.015718258590000242 -4.816502072202411e-05 1.5024925586793918 -1.561658075921457e-05 1.4960443754414712 1.488189734646868
0.9805076781447273 0.19624054782260594 -0.009712903248742128 -0.0023649814691442325 0.06121844368805786 0.9981215902960233 0.19646653649384296 -0.9786429121710817 0.060489259339306524 -0.0469734182717222 0.17320861310886415 -0.004990124715755134 1.208529385365864e-05 1.4075793794638463 -1.5346124371262704e-10 1.4076085303151995 1.4001879963386523
0.9792745144198237 0.20253603790785593 -0.0007607604130699817 0.0002804543354545158 0.0024001477156395073 0.999997080313892 0.2025372725035672 -0.9792718686041842 0.0022936013788516893 -0.04808878000523028 0.1716762726189867 0.0070702201786509156 1.2084721997318582e-05 1.398655142305624 1.3562129197453032e-10 1.398697424266035 1.390925421816017
0.9795529866786105 0.20113661758174065 -0.00447295839354638 0.0033611112389459324 0.005868993684597138 0.9999771286606356 0.2011582690824646 -0.9795456171005549 0.00507294774662747 -0.04777611080098458 0.17208823918643656 0.007344185083514448 1.208426696663878e-05 1.3995877816980302 3.185087749102422e-10 1.4008730894130164 1.3915625259243605
0.9798537012183302 0.19970911627201504 -0.001730053926942964 0.0008429987873629157 0.004526684219114269 0.9999893991853237 0.19971483060049366 -0.9798447724041962 0.004267133743503096 -0.04800238757771521 0.17226790057899669 0.007766223597621136 1.208433884958282e-05 1.4013770930145508 -9.2909679949571e-11 1.4012488258302147 1.393224763219795
0.9804936748430741 0.1965038544642649 0.004288213312204386 -0.0013192873093780672 -0.01523715093600013 0.9998830375160631 0.19654621103882733 -0.9803846512527826 -0.014680685073938774 -0.047040354106695374 0.17379002938430246 0.007360820212920005 0.0 1.4369 0.0 1.4369 1.4369
0.9833460944700375 0.18120644584219492 0.013952866220370865 -0.013219951391067394 -0.005251838042236651 0.9998988204225445 0.18126138964418678 -0.983431056140906 -0.002768834021840675 -0.044560753600951804 0.1751145841976519 0.0077126894939119894 0.0 1.4331100000000003 0.0 1.4331100000000003 1.4331100000000003
0.9834685519352803 0.18106283937998607 -0.0024198243697388447 -0.0009365693497604714 0.01844938451864902 0.9998293569648453 0.18107658653778544 -0.9832984635432624 0.018313967382396826 -0.04439880172162493 0.1757119488744754 0.008388400726667855 1.2085073704426463e-05 1.4104882401931453 3.666800196810982e-10 1.4099694744793334 1.3997432897897122
0.9802976993503063 0.19750179145518576 0.0030762022834498726 0.0015314311912074997 -0.023172605627502025 0.9997303061660874 0.19751981006218847 -0.9800286081132655 -0.023018512388346027 -0.047144453837489754 0.17563271498627897 0.008057950967014699 1.2085037994324921e-05 1.4032097194561883 7.734799467584708e-10 1.4036853231569815 1.3943669732632369
0.9798642211078522 0.19950999488377227 -0.007865757063332104 0.007064956307429742 0.004725452599303792 0.9999638775926388 0.19953995736462488 -0.9798843972832759 0.0032207725338495035 -0.04749123274469423 0.17412203718074865 0.007825278450640155 0.0 1.42438 0.0 1.42438 1.42438
0.9795725288035468 0.2010911543207015 9.201843314361486e-05 -0.0011805481875561273 0.0052931989829574965 0.9999852940671196 0.2010877100158065 -0.9795582319078814 0.005422470110962911 -0.04776292339231079 0.17527263699411982 0.006123730663753907 0.0 1.42696 0.0 1.42696 1.42696
0.9847328100320093 0.17401335522430067 -0.004543682432100331 0.005985998544778662 -0.007764605834674326 0.9999519382038589 0.17396971192677285 -0.9847126804808667 -0.008687705813514503 -0.043302338029742676 0.17466360215586033 0.005438611092597773 0.0 1.43589 0.0 1.43589 1.43589
0.9837501822504091 0.17953423964866927 0.0017423306405840765 -0.0008427441997939586 -0.005086816427600303 0.9999867069520701 0.17954071600754146 -0.9837385735511269 -0.004852855148597838 -0.044259113698757235 0.17473316389462684 0.005457733639943563 0.0 1.43235 0.0 1.43235 1.43235
0.9793152516588461 0.20234024111969695 0.00025434620859318257 0.005282548753380696 -0.02682378784748973 0.9996262196862291 0.2022714328496219 -0.9789478593005534 -0.027337816734793508 -0.04793122617743244 0.17255966880367465 0.006676797059999573 1.2083785745353737e-05 1.4013239090082408 1.1370611119332352e-09 1.403054125196161 1.3932954671713675
0.9799675277883312 0.1990728796580724 0.005799402130281955 0.001615042278135058 -0.03706230162317539 0.9993116518067988 0.199150787392031 -0.979283602631554 -0.03664136321288653 -0.04757374989403038 0.17490002081607203 0.006845945450893676 1.2083475285251666e-05 1.3959117601948599 1.3066348003576422e-09 1.396473312427001 1.3892599861795114
0.9845968612839452 0.17460974674809973 0.008969787643415973 -0.014053669058479448 0.02790101407292546 0.999511894776494 0.1742742526473668 -0.9842423328399704 0.02992515847802429 -0.04345436296574909 0.17606344871148952 0.009260234592587901 0.0 1.4335700000000002 0.0 1.4335700000000002 1.4335700000000002
0.979174182153491 0.20271901825880906 0.011086958114233304 -0.009278094494824637 -0.009871151418163245 0.9999082344556548 0.20280985668006185 -0.9791871935467008 -0.007784730409489958 -0.048086282611531625 0.17209007234338566 0.004358894225095805 1.2083524462802586e-05 1.4051932451158367 1.023182427672964e-09 1.4022548782132986 1.3943850674163665
0.9799457747106535 0.19892032425887496 0.011703983231419347 -0.0019201852998833972 -0.04930641766091284 0.9987818530919861 0.19925509156644258 -0.9787745306117194 -0.04793565177044033 -0.04759116643127348 0.1739768701480195 0.005454492753665302 1.2083365999338014e-05 1.4028648176380392 1.1599317062405134e-09 1.4026954909495704 1.3939839097845814
0.9821530667368009 0.18777724935115658 -0.01072651507297491 0.009670131671978312 0.006540912649551723 0.9999318501853802 0.18783461356454992 -0.9821898600005116 0.00460834669178717 -0.04563493054316007 0.1764606981391677 0.006791291940313082 0.0 1.43081 0.0 1.43081 1.43081
0.9848400720858964 0.17344320944119995 0.002735966480481104 -0.007163039441365716 0.024903832106769257 0.9996641886215386 0.17331682918807312 -0.9845289494195353 0.025768672357310066 -0.0432172518923367 0.17491827257848452 0.007624876496270472 0.0 1.44083 0.0 1.44083 1.44083
0.984240401744367 0.17675364770141108 -0.005383270226573023 0.0060229704151691515 -0.0030828434171419816 0.9999771096899385 0.17673300597643 -0.9842502954537076 -0.004098841034281632 -0.043713933972170244 0.1761617015056554 0.0061381320109958615 1.2082842911098624e-05 1.409666999944612 1.0780958348277636e-09 1.4125562351491237 1.4017660472868299
0.9796344765048077 0.20067799731653505 -0.006680855946362169 -0.0018217499407250093 0.042154871595790046 0.9991094274542183 0.20078090962615142 -0.9787498700862072 0.04166195069758538 -0.047786023898414104 0.177852071536667 0.006732922676332298 0.0 1.42639 0.0 1.42639 1.42639
0.9829222173894082 0.1838876607489067 0.007017320470385897 0.001963865239016774 -0.048613033609198296 0.9988157568824361 0.18401102628813326 -0.9817444174466213 -0.04814396137400791 -0.04492349597285851 0.17606696480523976 0.002094899187875976 0.0 1.43351 0.0 1.43351 1.43351
0.9821616164327157 0.18740710479657718 0.015399229787226701 -0.0031188256248927022 -0.06564717072180931 0.9978380238811023 0.18801285097832166 -0.9800862339855543 -0.06389164122964015 -0.04575261051746938 0.1778988596730437 0.007389453966609144 0.0 1.43415 0.0 1.43415 1.43415
0.9794133145202205 0.20181245951474763 -0.004614165701838674 -0.0008468886649518489 0.026965333268528385 0.9996360105464921 0.20186342442380406 -0.9790529107184788 0.026581119118080847 -0.04794685517594345 0.17236324307352013 0.0077588785546340855 0.0 1.42505 0.0 1.42505 1.42505
0.9797109803518073 0.20023902052586967 -0.00841009137533152 0.018554520189176728 -0.04883893923303065 0.9986343113448195 0.19955481642558898 -0.9785290453908013 -0.051563383984343 -0.04761943645880698 0.17433958563533372 0.004197374976066731 1.2082700560078763e-05 1.3942051854509128 5.244933376502559e-10 1.39986185815253 1.3896992169365099
0.9803132909368686 0.19733063246530533 0.006817118406564168 -0.00393941695033713 -0.014972022137284952 0.9998801525919055 0.19740904894816225 -0.9802226584016321 -0.013899904655026888 -0.04719072562951038 0.17677729061622105 0.009274763949616821 1.2082376633415493e-05 1.4047073488206427 6.755334069907803e-10 1.40327256805341 1.3954969972314535
0.9801501956309885 0.1981932997836629 -0.005000992441315636 0.002376121008220969 0.013479610529950031 0.9999063226867382 0.1982421449982048 -0.9800702607572703 0.01274111163465546 -0.04725043547857731 0.17272748756175557 0.012232863950031925 1.2081981848766077e-05 1.4028770693007768 7.846114868925724e-10 1.404041565394893 1.3935742670886277
0.9812994136144533 0.19236210967539635 0.006948352406234315 -0.006038811373432221 -0.005314173039433259 0.9999676456376493 0.19239281066902306 -0.9813096240871877 -0.004053156391716394 -0.0465492628097687 0.17687522885119636 0.00232785959294729 0.0 1.43081 0.0 1.43081 1.43081
0.9794455804247526 0.20062714565319853 -0.02085913261546553 0.012492316902469259 0.042879410700798114 0.9990021512270936 0.20132137741637773 -0.9787288207491402 0.03949175141937694 -0.047797521867597795 0.17344996792062223 0.011160650747839534 1.208117139750442e-05 1.4001895181155382 1.2434400176175586e-09 1.4042529387901084 1.3926814973982262
0.9873518067309658 0.15803636419731967 0.01268531971964116 0.0004317193789453999 -0.08269067444772286 0.9965751682526304 0.15854407388317998 -0.9839648164190998 -0.08171301417676333 -0.041243263680036904 0.1803392304869214 0.007618895093962824 0.0 1.4412 0.0 1.4412 1.4412
0.9784144667824297 0.20578067913400952 0.018958989582773186 -0.02235452588156866 0.014188156595987364 0.9996494242408276 0.20543954430309705 -0.9784952776112686 0.018482027188116576 -0.04844239995808111 0.17146710176597843 0.007210100600789332 1.2081456659984724e-05 1.4039328621795697 4.4215830996563454e-10 1.3981285911468362 1.3915651435415768
0.9789484223063731 0.20287508226349357 0.022398380754951593 -0.03483792094383806 0.05795394901418698 0.9977112102497255 0.20111266923835 -0.9774881282093618 0.06380167303123256 -0.047630594822779246 0.17426243519905021 0.008877650797191716 0.0 1.42004 0.0 1.42004 1.42004
0.9839571692199953 0.1775178549087042 0.01776795793515957 -0.002942042168580428 -0.08343434152336766 0.9965089337494373 0.178380586187095 -0.9805743836360269 -0.08157355348624981 -0.04413837043974849 0.17718866423899432 -0.001757001707028527 0.0 1.43478 0.0 1.43478 1.43478
0.9785707223993704 0.20526506943567183 -0.016297009920326122 0.03354532063726508 -0.08083201381808298 0.9961630875541698 0.20316016520498661 -0.9753627206386772 -0.08598552472480744 -0.04803469054304127 0.17292075903668244 0.0007295986577487978 1.208078934489265e-05 1.3934946294639836 7.546132607672007e-10 1.4019051302355843 1.3892694938025612
0.9784233125378693 0.20659342494164262 0.0026416383751348624 -0.023296308219599507 0.09760885306805309 0.9949521565512971 0.20529272638298837 -0.9735459252514085 0.10031564145544988 -0.04846329717201362 0.17326153796399876 0.01461366019581245 1.207990664120473e-05 1.4024031511047097 1.437959973316083e-09 1.396730768115603 1.3911265888096445
0.9971280204220512 0.07545274309950871 0.006526442213103112 0.0003050854899752653 -0.09017645895760712 0.9959257568577642 0.07573386172674175 -0.9930634873000953 -0.08994049354616762 -0.026738836115742376 0.1861414030923475 -0.0024063552779755304 1.2079600504755206e-05 1.420335194817361 1.471873289915493e-09 1.4204580280696648 1.4115262080443882
0.9979672510570476 0.06312691622300831 0.008738321681718772 -0.013182715561558256 0.07033447808442467 0.9974363524571453 0.062350475764527694 -0.9955240095752413 0.07102368992929166 -0.02465358952068038 0.1867332390308734 0.004802783379553727 1.2079928898955927e-05 1.4265158507708433 9.87228965243503e-10 1.4237723018334103 1.414829678794387
0.9999058045156137 0.013649555817983864 0.0014393477534074667 -0.0005902330890762374 -0.06200935001891221 0.9980753940134646 0.013712538819783 -0.9979822293689421 -0.061995452598655736 -0.01642757876617372 0.19104312849415053 0.008491185144918117 1.2079847850010594e-05 1.424995139748197 1.0280762907655117e-09 1.4248983266007045 1.415091377419535
0.9999564206121065 -0.008269890053944748 0.004331950498299152 -0.0031608953178118323 0.13670122868592013 0.9906072798120099 -0.008784396246406678 -0.9905778025951599 0.13666913107329937 -0.012864589921129125 0.1891168489539798 0.008776792450028548 0.0 1.44941 0.0 1.44941 1.44941
0.990102608870404 0.13879697852905953 -0.02078996534926203 0.0228737251386405 -0.01343462808375483 0.9996480898128767 0.13846882900603172 -0.990229725629086 -0.016476464251876745 -0.03714281608196246 0.18712055621767124 0.002578505748604798 0.0 1.44081 0.0 1.44081 1.44081
0.9998787002652176 0.015479415806640593 0.0017240772095333031 -0.00029176364323776037 -0.09205952069985263 0.9957534632239498 0.015572399619705093 -0.9956331816159998 -0.0920438375736566 -0.016763629376583336 0.18887247805782942 0.011598948663046144 1.2080205864961613e-05 1.4248827766688112 1.432187701766452e-10 1.4248623070214048 1.4150686033760227
0.9996112805603464 -0.027849726375008182 -0.0012963476931174278 0.00200313675687519 0.025365783303036026 0.9996762298267157 -0.027807826589604817 -0.9992902330045365 0.02541170994053479 -0.009653552404277718 0.18899438759976955 0.010152662215691999 0.0 1.44547 0.0 1.44547 1.44547
0.9956326896679771 0.09156347825382882 -0.018211993701143653 0.02458953612639128 -0.06901326148907766 0.9973126513043585 0.09006054617644053 -0.9934049019351076 -0.07096336261551037 -0.029084773204429627 0.1869809571430757 -0.002484065234438615 0.0 1.4470700000000003 0.0 1.4470700000000003 1.4470700000000003
0.9999567558767943 -0.004403417242300091 0.008191232687907599 -0.008096494061023946 0.02111846255010913 0.9997441959438621 -0.004575277071067446 -0.9997672831494888 0.021081897059162198 -0.013707239078879309 0.18973454981974144 0.01302488622292508 1.2080913732503973e-05 1.4269147081307434 -1.011290606811599e-09 1.4256216702617301 1.4166062081782842
0.9967636474697488 0.07852153019387252 -0.017222089850390462 0.02360654917742551 -0.08111957223425546 0.9964247818257358 0.07684375003040875 -0.9936065540728605 -0.0827106630654106 -0.027048779445330712 0.1848827644261257 0.0006324870156418638 0.0 1.44421 0.0 1.44421 1.44421
0.999958885989277 -0.007406736786982004 -0.005231307795609213 0.006260872173663182 0.14661550397162343 0.9891737438260135 -0.006559558728228937 -0.9891658274755125 0.14665584865246825 -0.013149152303462273 0.18829814909210357 0.004325236206248778 0.0 1.44943 0.0 1.44943 1.44943
0.9997484715668908 -0.022333225445097176 0.0020544198412617842 0.0006072067942035977 0.11852263108623878 0.9929511655767893 -0.022419297481740555 -0.9927001626682721 0.11850638016078044 -0.010822580712866122 0.1992025463230762 0.005226510699389397 1.2082225356202514e-05 1.426236155737076 -2.6556472576544365e-09 1.424302604164498 1.4173945925154259
0.9990037656835539 -0.04432502343425798 0.00517382330886494 -0.009839484665285997 -0.10569861207471185 0.9943495300682759 -0.04352770027925293 -0.9934098326989883 -0.10602944687853212 -0.007363780737854422 0.19687878230790784 -0.0008040641030173656 1.2082667490531662e-05 1.4259655121009835 -3.7264706875816955e-09 1.4238823404608727 1.4168029565597626
0.9986143653458902 -0.05201864652186223 0.007963023223530097 -0.008424844846795246 -0.008664766233983533 0.999926969240963 -0.05194584982587498 -0.9986085230159734 -0.00909100905970694 -0.005873661586286431 0.19523657690151844 0.0024377640382289845 1.2083797181539069e-05 1.4250137290604634 -5.451893159147403e-09 1.4230092883564023 1.4150606406339463
0.999861896636682 0.0003232909481074939 -0.01661574966891667 0.01660998996990065 0.01328483059142317 0.9997737851681034 0.0005439552344010778 -0.9999117004811576 0.013277626052231959 -0.014317902890389596 0.18868833471047625 0.01167408340952697 1.208503859650989e-05 1.4218058654546324 -6.9219181497715e-09 1.4261154589342713 1.4140789568699264
0.9956387057196775 0.09325517160038894 -0.0026534209291972193 -0.0010760303954440399 0.039918879132805556 0.9992023444965332 0.09328670768889623 -0.9948416738650238 0.03984512655274113 -0.029485593846424164 0.18993946058414848 0.010596177441486193 0.0 1.4425200000000002 0.0 1.4425200000000002 1.4425200000000002
0.9997075811269008 -0.023288467321997054 -0.0065114919329718225 0.0042709132705567275 -0.09499639485425068 0.9954684546807753 -0.023801502835667007 -0.9952051709343593 -0.09486915309138247 -0.010292383210301896 0.18768610116742968 -0.004268697916661984 1.2086295957836057e-05 1.4246905872404492 -8.382331273537602e-09 1.4254872912323382 1.4158999841234214
0.9933639952806975 0.11483543802029424 0.006387100645627086 -0.0008149644728673994 -0.04850440278966413 0.9988226362787971 0.1150100374440343 -0.9921996498108157 -0.04808894054163226 -0.03330737147881639 0.1878902964218892 0.013509823510495983 0.0 1.4449 0.0 1.4449 1.4449
0.9990551052800078 0.0432863341183619 -0.003897421268717921 0.008034902181927595 -0.09582587083945648 0.9953656829652039 0.04271225773568017 -0.9944564825855644 -0.0960831269405169 -0.02130591798360968 0.1855403695821663 0.0017761064055477616 0.0 1.4481 0.0 1.4481 1.4481
0.9894546437750902 0.14479569096625913 -0.0037034834295053276 -0.016453888289902102 0.13776680394839083 0.9903280149980556 0.14390544629044608 -0.9798237165977608 0.1386964560488058 -0.03773147867827827 0.1900072147227192 0.007372503034175082 1.2086442819025933e-05 1.418062614184656 -9.607717288417916e-09 1.4116443588445602 1.4043216036325052
0.9919434593484815 -0.12584479068442356 0.014534858560059188 -0.01227443621602762 0.01871885178223765 0.9997494400116128 -0.12608533487819262 -0.9918733252011308 0.017023368735529003 0.005812896948638844 0.19541576449752923 0.01505165640901282 1.208542922537248e-05 1.4203242343694997 -9.078227947156847e-09 1.4193748430438013 1.413180613566408
0.9948299991859534 -0.10150770291990426 -0.0030755434642512763 9.164054215009265e-05 -0.029387408719651342 0.999568092633391 -0.10155424324806459 -0.9944006066252516 -0.02922617357172004 0.0024801166922092544 0.19003317959557642 0.008408470857786593 1.2085076142476225e-05 1.4222899765520172 -8.815112195748043e-09 1.4225336594373577 1.4141358642039634
0.9988678960968463 -0.04659267555366207 0.009594203031557764 -0.0026805401390306905 0.14623591550581666 0.9892461128155818 -0.04749464024100631 -0.9881519010764117 0.14594546771808486 -0.006638656376417713 0.19002341465939224 0.016830695573502696 0.0 1.45162 0.0 1.45162 1.45162
0.9995902585081753 -0.02578307302786858 -0.012431743272733622 0.014234078008179982 0.07094138986973136 0.9973789200833393 -0.024833568386694024 -0.9971472069602314 0.07127932051158331 -0.010292835391019646 0.1963991506524949 0.0043841735935506165 0.0 1.44868 0.0 1.44868 1.44868
0.9960182758712987 -0.08899889566440841 0.00517597342354989 -0.0023908110505573704 0.03137251634879446 0.9995049020592472 -0.08911721580528693 -0.9955375240484209 0.031034820100228525 -7.334331379004085e-05 0.19253869437768162 -0.006772932058857178 1.2086064868910285e-05 1.4214028798637441 -1.037147523419435e-08 1.4205559886140504 1.4124817156728762
0.9997505668228678 -0.019746750444652794 0.01043407802497151 -0.009132713423800815 0.06488262093796626 0.9978511106601721 -0.02038130719245743 -0.9976975049317789 0.0646860956468227 -0.011561377244001459 0.19444693570384003 -0.005113924141533749 1.2085211412049546e-05 1.425170238522206 -9.735402706212426e-09 1.4244378517979754 1.4161955217493194
0.9991861508594959 0.039558632904311795 0.007883558417786957 -0.006771698768741813 -0.02816232439079816 0.9995804257690788 0.039764054450850204 -0.9988203031815329 -0.027871525361566868 -0.020871366216520085 0.19485039039203345 -0.004825531637569297 0.0 1.4470700000000003 0.0 1.4470700000000003 1.4470700000000003
0.9921052200240836 -0.12532231220560192 -0.004642247775181296 0.0016859203894779642 -0.023685554143178005 0.9997180363469346 -0.12539693007966696 -0.9918333088721976 -0.023287278463206013 0.006617547044184482 0.19034452442893604 0.0009145426875314666 1.208569501010004e-05 1.4209868329105353 -1.0992016186150977e-08 1.4216170237879329 1.412491397706475
0.9991565751929269 -0.03485325818431765 0.021711486422590368 -0.027029585373451327 -0.1602082702928147 0.9867130847639165 -0.030911806211872145 -0.986467718946607 -0.1610152157809874 -0.009378975054666908 0.1894526444021974 -0.0029030640373499395 1.2086029832047984e-05 1.4269707391874036 -1.1650379327932114e-08 1.420534881777784 1.4153910493761899
0.9898222695974752 -0.13909171517511226 -0.03008935656588061 0.014493306420848933 -0.11180903066814213 0.9936240157776189 -0.14156913038475105 -0.9839472726882758 -0.1086551696487998 0.009030310926242027 0.19230869328863184 0.01148940507512236 1.2086620174933671e-05 1.4160254777698595 -1.2378955638325806e-08 1.4186486615839078 1.4099217448881731
0.9981649402883079 0.0605225413557894 -0.0019426700891269078 -0.0046815294169068045 0.10911616370115323 0.9940179807737192 0.06037247105723819 -0.9921848037573343 0.10919926708299396 -0.023939826436735062 0.19368249053277345 0.007149602908291169 0.0 1.44619 0.0 1.44619 1.44619
0.9975564242955941 0.06921564790325324 -0.009506546792691889 0.001970417118443285 0.10814279474437212 0.9941334183102668 0.06983765318915085 -0.9917229099048834 0.10774215594103549 -0.02576170228409735 0.18610006002420584 -0.0024613958416692117 0.0 1.44279 0.0 1.44279 1.44279
0.9998808951522559 0.0031641745314825837 0.015105744240449975 -0.015310181805131304 0.07983218345549058 0.996690734790799 0.0019477788933543808 -0.9968032957832068 0.07987111914277521 -0.014586869180731125 0.18647577459399117 0.011832785846520727 1.2087052197351511e-05 1.4259941083178536 -1.362901347334855e-08 1.4221456488249968 1.4151096987830396
0.9864479368571161 0.16405531957702416 -0.0025139587943318747 0.0005908857443694959 0.01176984813671645 0.9999305583533666 0.16407351621872504 -0.9863809217504763 0.011513404461959469 -0.04179250873796384 0.18306618414900683 0.0016864129702782171 0.0 1.4363 0.0 1.4363 1.4363
0.9850116638757507 0.17231459882432637 0.007726646150637895 0.00714159548963092 -0.0854989095755711 0.9963126688320544 0.17233983765394517 -0.981324419085452 -0.08544802434235699 -0.042733767313838364 0.19237802821542588 -0.012969397924856102 1.2087504724256348e-05 1.4115077627841588 -1.4474756504512243e-08 1.4088117716467483 1.4016317937987557
0.9984477343181702 0.05557264172853041 -0.0037152827920275064 -0.0013375853842241964 0.09061122507611907 0.9958854435905492 0.05568063128460602 -0.994334595285469 0.09054490553438369 -0.02360439751147216 0.18561174963963722 0.01471551647251687 1.208744543479412e-05 1.4224817203390776 -1.4815844551208102e-08 1.4223664447882687 1.4144486001131753
0.9926680759514351 0.11916131716939167 -0.02026503089885279 0.038425372248124035 -0.1521439254221117 0.9876111161407327 0.11460184010071091 -0.9811487178035787 -0.15560723568627688 -0.03323831541643082 0.1839273654918395 0.016843548352494825 1.2087628987522692e-05 1.4148472533071406 -1.488237089120048e-08 1.4238234756193169 1.410458804788652
0.9902615966522643 0.13855076588223036 -0.013625544728767008 -0.0018981458421017394 0.11129873791985961 0.993785182008571 0.13920620402148157 -0.9840814377940953 0.11047785547808145 -0.03724466120375146 0.18567747895745762 0.007440257372747894 1.2087858013209996e-05 1.4158547927709213 -1.53535992808429e-08 1.41512368732276 1.4065799517973057
0.9991797775561431 0.03916975552159503 -0.010271434916049302 0.003865940888694408 0.16022283292234232 0.9870732993609866 0.04030913821829091 -0.9863033884473466 0.15993998659928998 -0.0209680875068716 0.18969580658972757 0.01457597618708839 0.0 1.44766 0.0 1.44766 1.44766
0.9983692529992186 0.05562048950866107 0.012852852313762778 -0.02316793909932721 0.18900361759546713 0.9817030503842373 0.05217356863079558 -0.980399915178823 0.1899840126265479 -0.022867409649985362 0.18509115600216977 0.013004630240718185 0.0 1.44885 0.0 1.44885 1.44885
0.9926680384592801 0.118225000521129 0.025159782852483686 -0.004674106173788134 -0.17045029973614875 0.9853551887777996 0.12078211023525481 -0.9782482019260941 -0.16864796848904717 -0.033858224600180675 0.18918941640613635 0.0003574687023350509 0.0 1.44529 0.0 1.44529 1.44529
0.9974681021812014 0.06848361976278082 -0.019167132159491146 0.030962351038397368 -0.1755733043902739 0.9839793430777168 0.06402123045683827 -0.9820814673995569 -0.1772491845993242 -0.02551147469689083 0.20058280904811715 0.009813719291814932 1.2088596684556308e-05 1.429577037497892 -1.7215622705180067e-08 1.4237655478820983 1.4175799006830205
