0.9998156549927621 0.018879898743741474 0.003493630607256449 -0.0024912218385731277 -0.052859023287584433 0.9985988771628143 0.019038115588075055 -0.998423493854441 -0.05280224497449344 -0.027911287769424815 0.1412136287339938 0.028802773057908987 -6.842313382549037e-10 1.655578676508532 -8.14065259646668e-10 1.6553320957702455 1.6477007980361087
0.9996829212383194 0.025174711714060775 -0.0005393278537923936 0.0011657583829430898 -0.024875285725063458 0.9996898824973118 0.02515348866087054 -0.9993735307932715 -0.02489674593148815 -0.02893275848097425 0.14398654595367724 0.021749867826954705 -3.7212899428595847e-10 1.65039066360176 -1.327424392627563e-09 1.6516998455052736 1.6427859610844715
0.999959087317833 0.008736367268969172 -0.0023451177855645777 0.002354232924969524 -0.0010332180086505289 0.9999966950184791 0.008733915377508339 -0.9999613034250316 -0.0010537431803997691 -0.026164581124598008 0.14238369225141692 0.0189970231834575 -5.589742002598541e-10 1.6530786280422678 -1.6772894184668985e-09 1.6547850083191822 1.6459005988567093
0.9999908625649832 0.004246475813159306 -0.0004921683748058472 0.00046511580681712385 0.006369230130075709 0.9999796080795031 0.004249523953004012 -0.9999706997461068 0.006367196828625325 -0.025274502411440886 0.14469229903045544 0.01969565129427242 -9.622755925420279e-10 1.6520804827790343 -1.4613599219615026e-09 1.651635368827801 1.6450226589743124
0.9999994130673575 0.0010138404563762458 0.0003820896092212242 -0.0003627152519656701 -0.019041722202553582 0.999818624178009 0.001020932214425359 -0.9998181759415506 -0.019041343290948663 -0.024673020774033303 0.14450558412779277 0.016197688178978792 -7.894307429978653e-10 1.6500716768236359 -1.8999264383978698e-09 1.65192982253199 1.6441073147436969
0.9998020043034174 -0.019880344237373174 0.0008509429316018793 -0.0013062178272218034 -0.022899006284299587 0.9997369300501904 -0.019855628568674115 -0.9995400979571532 -0.022920440439653446 -0.021032640892372674 0.14316185257881398 0.01638351471412333 0.0 1.67448 0.0 1.67448 1.67448
0.9990649435644534 -0.04323329506992396 0.00034747367154661785 -0.0002038143489926092 0.003327249742314628 0.9999944439189965 -0.04323421099391863 -0.9990594634988195 0.0033153270101409227 -0.017203326472374235 0.14020536108058643 0.012979957910014162 -4.872697800806236e-10 1.6572782078779085 -2.569509938155079e-09 1.6563409713873183 1.653041522545652
0.999997132751981 0.002368436016932242 -0.0003535514822580049 0.0003805774460913791 -0.01142017514956259 0.9999347152491311 0.002364243774325132 -0.9999319827420199 -0.011421043778418571 -0.024930437963327896 0.1315430564671776 0.021865260829504546 -7.438130111836472e-10 1.666473736824421 -2.617746019950573e-09 1.6677323671680533 1.6611186921282446
0.9983433409487487 0.05753293887529874 0.0007311139870246897 -0.0012589530685307507 0.009138843705941667 0.9999574473810822 0.05752380916161691 -0.9983017792632093 0.009196135027736904 -0.033602749093097906 0.12860290015541487 0.021726306022214925 0.0 1.68635 0.0 1.68635 1.68635
0.9977666404270057 0.06663255937277822 -0.004672609810336355 0.002126502844874034 0.03823100370036467 0.9992666652809516 0.0667623339665204 -0.997044879826127 0.03800392579519781 -0.035178334607754554 0.1294168159534164 0.019803174269954205 -8.269767093338487e-10 1.6639886307632201 -2.955771627455306e-09 1.6641333089104853 1.6547116519872143
0.9981531764922825 0.06062351697856335 -0.003876267214218014 0.0017792550278540112 0.034606540381356084 0.9993994304653065 0.06072125253905782 -0.9975606129714543 0.03443476351166873 -0.034406224545596276 0.13168528840526603 0.0239408431568765 -9.860485761237214e-10 1.6609795608322546 -2.88654167235336e-09 1.660571170905781 1.6525827364608796
0.9981278073725832 0.060790386817569264 -0.006738621533337749 0.0036175810211044324 0.05130571674329765 0.998676442366101 0.0610556570446589 -0.996831105202896 0.05098974840904968 -0.03419324111897523 0.12810663516639959 0.021192270182247286 0.0 1.68445 0.0 1.68445 1.68445
0.998805785065937 0.04851048055187988 -0.005808355657407477 0.002515813347204278 0.06765997911847779 0.9977052660524999 0.04879215512784081 -0.9965284042626749 0.06745713524652441 -0.03256340309964881 0.13229277889649677 0.023844268337009117 0.0 1.6812500000000001 0.0 1.6812500000000001 1.6812500000000001
